"FSC-A","FSC-H","FSC-Width","SSC-A","SSC-H","FITC-A","FITC-H","PE-A","PE-H","PB450-A","PB450-H","KO525-A","KO525-H","Time"
541035,563591,983.028,1.63111e+06,1.69056e+06,5955,5778.7,355933,324909,8522.2,5283.7,1178.2,1097.1,9878
500350,522993,979.667,1.06825e+06,1.07939e+06,24849.4,23552.3,1.73811e+06,1.54747e+06,7876.7,4901.6,1268.6,855,10120
479445,504209,973.709,964655,997258,40106,39042.4,2.65871e+06,2.41341e+06,6668.9,4676.7,1061,866.2,10252
442824,453163,1000.64,1.05411e+06,1.10048e+06,2153,2258.8,3826.1,3762.6,7784.8,4595.6,726.1,521.4,10448
985222,1.02395e+06,985.267,1.9334e+06,1.95847e+06,56660.9,53492.5,4.52507e+06,4.06284e+06,15831.4,9406.7,2254.5,1487,10563
455709,470242,992.356,953300,1.02294e+06,18134,17077,1.62572e+06,1.4975e+06,7022.2,4340.6,876.8,763.7,10567
444490,457985,993.828,959107,1.00327e+06,16912.7,16515.2,1.29714e+06,1.20869e+06,7941.6,5057,1314.7,1058.1,10903
475341,501749,970.114,938819,995448,20645,20188.1,2.1206e+06,1.94959e+06,7933.7,4858.9,1523.6,975.2,11485
506983,526997,985.119,1.10816e+06,1.15309e+06,22891.9,22045.4,1.59629e+06,1.46035e+06,6374.1,3920.7,501.4,774.1,11491
505425,531136,974.43,1.22449e+06,1.27153e+06,23774,22470.1,2.20028e+06,1.99158e+06,5168.6,3479.4,599.9,774.4,11700
451648,462725,999.497,976610,1.0353e+06,16215,15848.8,1.44719e+06,1.32215e+06,5785.7,3497.9,1022.4,1036.4,11815
458824,476178,986.683,928198,990361,15368.9,14531.8,1.43771e+06,1.29625e+06,6700.5,4391.4,436.2,489.1,12361
503052,524914,981.354,828530,858737,20624.7,19703,1.72717e+06,1.58465e+06,6473.5,4553,1145.7,746,12377
505796,519842,996.334,597880,610722,18781.8,17882,1.34283e+06,1.21639e+06,5030.3,3529.7,863.4,894.7,12413
509305,533079,978.344,1.22185e+06,1.2516e+06,27382.9,26740.2,1.97757e+06,1.7963e+06,6761.9,4274.3,876.4,633.3,12754
445138,459068,992.936,899924,940020,28261.1,26823.9,2.38206e+06,2.19751e+06,8943.4,5252.7,1325.3,963,12843
492458,521686,966.64,1.01197e+06,1.02765e+06,37329.3,36275.1,2.57299e+06,2.36925e+06,7983.1,5254.1,1270.6,995.2,12860
735214,508609,1480.23,479859,387959,2556.2,2244.6,6304.8,5071.5,2592.7,1619.7,301.1,496.5,13217
1.38336e+06,1.17603e+06,1204.54,3.38566e+06,2.8142e+06,65232.1,52439.8,5.0611e+06,3.88987e+06,20014.8,11630.7,2285.8,1538.2,13803
455655,473370,985.683,981437,1.03473e+06,27307.1,25239.2,1.92654e+06,1.71541e+06,6870.8,4421.6,1171.2,902.8,14040
518419,536630,989.26,1.19256e+06,1.24039e+06,19157.1,17816.9,1.59052e+06,1.44817e+06,5878.8,3810.5,638.9,689.5,14447
507552,528740,982.972,1.09938e+06,1.14955e+06,16025.7,15018.8,1.45759e+06,1.33587e+06,6295.4,3749.6,853.4,779.3,14449
1.29268e+06,1.08408e+06,1221.04,3.30396e+06,2.78548e+06,61847.6,48867.6,6.06503e+06,4.6689e+06,18850.8,11037,2520.6,1668.1,14492
479289,485895,1010.09,1.21545e+06,1.28382e+06,21891.7,21044.4,2.18345e+06,1.98005e+06,5644.9,3495.5,670.8,595.6,15993
448352,457833,1002.8,846771,897477,35921,33758.9,4.04163e+06,3.71761e+06,6081.9,3689.5,1291.7,890.4,16264
461038,482326,978.816,986179,1.02484e+06,20510.3,19707.3,1.80331e+06,1.66741e+06,6800.1,4147.4,1211.2,802.7,16465
946446,938917,1032.22,1.92083e+06,1.93107e+06,52797.8,48440.2,3.33841e+06,2.91581e+06,11225.7,6735.4,1438.4,1122.1,16838
481972,500302,986.494,1.04669e+06,1.09455e+06,4126.6,4174.2,6780.3,7302,11124.1,6739.2,1045.6,1059.6,16918
858462,652198,1347.86,1.95808e+06,1.54453e+06,59122.1,43764.6,4.34785e+06,3.13998e+06,13794.8,7329.7,1928.8,1121.9,16999
530313,551897,983.953,1.40339e+06,1.45354e+06,33148.8,31510.2,2.96154e+06,2.65683e+06,6221.6,3673.2,808.9,881.2,17041
470799,483750,996.597,1.38083e+06,1.44397e+06,3109.4,2867.4,8272,7926.8,9694.3,5800.5,904,714,17413
500783,527426,972.275,993000,1.00289e+06,21666.3,20739.2,2.17594e+06,1.99642e+06,7843.8,4741.7,1200.5,959.8,17836
747330,739166,1035.32,1.67411e+06,1.65919e+06,54852.4,49402.2,4.32165e+06,3.66532e+06,12133,7674.7,1502.2,1083.1,17973
507236,529934,980.151,1.41484e+06,1.47952e+06,16308.1,15452.1,1.5642e+06,1.39447e+06,6175.8,3831.6,678.6,472.3,18128
471518,492256,980.876,908894,971801,20043.2,19171.4,1.80917e+06,1.63778e+06,6110.9,3582.6,787,704.6,18699
398999,394011,1036.97,609335,628590,20399.5,21434.9,20243.7,20553.4,15578.6,9537.6,1521.3,1288.3,18821
504461,533071,969.054,999256,1.0065e+06,12752.2,11900.4,1.32339e+06,1.20176e+06,7283.4,4562.8,953.6,980.8,18898
474715,493150,985.733,1.13815e+06,1.19897e+06,25545,24330.6,2.02286e+06,1.83807e+06,6536.4,3967.9,709.7,783.3,19586
510153,535386,975.741,1.37106e+06,1.42678e+06,19544.9,18876.3,1.97277e+06,1.77971e+06,6114.3,4356.9,830.7,577,19778
498169,522054,977.159,993265,1.03395e+06,27745,26031.4,2.32999e+06,2.09634e+06,5815.1,3723.4,1113.4,966.2,19845
526590,550031,980.371,977030,999754,28234.7,26916.3,2.41363e+06,2.19726e+06,7850.2,5082.8,916.4,1039.9,20348
393094,404760,994.485,621939,586377,8718,7941,788809,676705,2351.8,2004.9,260.8,602.8,21483
436738,460135,971.946,777908,765067,19314.7,17950.7,1.67299e+06,1.47579e+06,5500.2,4216.9,618.2,588.9,21491
415618,446029,954.19,652103,641476,19038,17956.4,1.52147e+06,1.35973e+06,6083.5,4230.6,1061.1,892.8,21514
345495,355663,994.743,405448,379682,7580.3,7060.1,755511,651346,1812.4,1335.5,67.8,396.1,21586
503916,514347,1003.24,886120,937214,13379.4,13212.5,1.1624e+06,1.06921e+06,6102.8,3833.2,518.2,708.6,21604
498480,509220,1002.41,326182,329871,14822.3,13604.2,1.01534e+06,882140,1756.2,1572.4,314.6,520.8,21629
316887,316728,1024.54,235822,213416,2872.6,2567.8,251104,211554,1260.6,1026.8,138.7,395.2,21648
2.30829e+06,1.69573e+06,1393.91,1.12733e+07,5.66397e+06,2194.8,1410,4527.5,2471.8,23164.5,12384.7,346.1,494.4,21650
517157,533571,992.504,123586,122044,4310.2,4571.2,357417,301607,600,557.2,397.7,633.3,21667
747880,448051,1709.26,1.68812e+06,1.18177e+06,327.8,876.2,2333.4,2139.2,4815.1,2527.4,368.2,434.4,21681
195637,205064,976.961,183587,177436,4379.5,4249.8,454624,414488,1090.8,1151.8,137.7,291.5,21686
602840,579465,1065.31,584730,522538,9960.6,8458.1,775752,633025,2860.6,2072.6,310.2,432.2,21687
498201,534833,953.866,1.0015e+06,1.00521e+06,17725.8,17177,1.2295e+06,1.12302e+06,6384.1,4255.2,907.2,852.6,21708
330900,367498,922.027,413561,414496,9179.2,8844.2,904935,831070,3638.9,2772.6,391.7,555,21745
766106,593900,1320.92,1.00587e+06,771585,10595.1,7951.9,936432,678194,4060.7,2552.8,256.2,612.7,21757
503988,526236,980.714,899322,937738,32919.1,31564.9,2.30415e+06,2.05961e+06,5337,3577.2,832.1,730.5,21769
516093,523986,1008.58,188862,191341,1575.5,1454.8,131740,118157,545.7,704.4,92.3,381.3,21786
508105,527289,986.745,674332,661130,13982.2,13687.9,1.08335e+06,950961,3049.1,2268.3,484.7,585.3,21792
511957,527260,994.287,342191,351031,2373.4,2457,281910,255213,1163,1020,213.9,380.1,21795
399880,437940,935.014,536102,540788,15227.5,14388.8,1.4751e+06,1.32093e+06,4048.9,3161.3,388.6,563.5,21831
365734,377080,993.208,1044.9,1575.8,-109.7,335.1,-253.5,740.6,-209.6,554.6,-375.4,470.9,21845
738313,697165,1084.45,16158.1,14423.7,270.1,545,54457.6,42366.4,114.2,375.8,207.1,354.3,21846
5.69583e+06,2.09796e+06,2780.11,165472,57755.2,39.4,427.5,279.9,948.2,-136.3,397.7,-132.5,467.4,21860
517932,521076,1017.83,21555.6,19357,781.9,683.6,39210.5,32793.2,219.2,527.9,-343.7,399.5,21881
148134,165292,917.73,736523,834485,509.8,873.3,1834.1,2457,2675.8,1910.3,314.3,433.2,21925
225294,226655,1017.88,109600,101093,632.3,987.2,98899.3,84935.8,393.9,470.7,1.9,321.5,21939
187147,212964,899.876,41163.5,42221.4,1567.2,1940.7,2070.9,2489.1,3155,2597,346.3,572.1,21951
502164,515359,997.796,588002,590234,14376.2,13885.2,1.04331e+06,925802,1930.8,1596.4,135.9,330.2,21957
459856,485703,969.52,1.16334e+06,1.2152e+06,23221,22774.5,1.64992e+06,1.53984e+06,6459.1,4303.1,705,699.9,21965
500059,526957,971.738,942022,957197,16456.1,15493.5,1.79139e+06,1.62038e+06,4442.2,3352.2,534.3,624,21971
505988,394040,1314.92,1866.6,1801.6,-311.5,293.4,-364.3,478.8,-87.3,402.7,-77.2,476.8,21976
378032,357773,1082,40017.5,38385.2,1258.9,1676.8,154386,129380,247.7,472.1,-120.5,334.2,21992
484629,513645,966.162,1.4718e+06,1.54712e+06,34511.9,33101.1,3.66538e+06,3.29035e+06,7345.2,4762.1,1205.7,956.2,22031
453739,419519,1107.54,11847.2,10119.3,472.7,554.5,14294.3,18441.7,13.2,488.1,40.1,355.3,22034
489331,531416,942.904,154171,163746,2285.3,2470.1,306099,291231,1869.6,1646.3,50.4,495.5,22035
581996,595638,1000.56,251385,252548,8226.4,7326.8,725465,617504,2543.9,1888,351.2,445.4,22037
396816,387048,1049.86,73854.2,68914.9,3089.8,3100.3,194413,157432,-342.3,358.3,-227,354.7,22038
1.34509e+06,746354,1845.47,8.54538e+06,5.56421e+06,6242.7,3594.8,26952.6,14187.6,17700.4,9695.4,852.8,748.8,22039
513044,562374,934.187,406294,431160,5167,5345.8,570023,524417,5330.4,3923.4,881.1,936.8,22041
506173,537360,964.583,1.00014e+06,1.00687e+06,17459.5,16361.3,1.52247e+06,1.38131e+06,6618.5,4497,508,789.4,22053
374214,325416,1177.55,38216.7,34656.2,1887.5,2115.6,155577,121734,209,532.4,60.7,328.1,22055
908177,870415,1068.43,1.77005e+06,1.61136e+06,60778.2,50692.6,4.26212e+06,3.31449e+06,11595.7,7485.3,1119.7,951.9,22065
230157,224748,1048.66,131480,126212,7417.6,6086,744337,604782,2263.4,1669,301.1,480.1,22070
189511,195384,993.258,322310,310765,242,453.6,-255.1,1720.4,968.5,873,64.2,520,22119
485446,483347,1028.45,1.19808e+06,1.25542e+06,42321.4,38511.7,3.51726e+06,3.04176e+06,12433.3,7040.7,2018.8,1442.6,22154
430961,436228,1011.65,916723,967470,31567.8,30494.4,2.63421e+06,2.39088e+06,5606.5,3463.3,734.7,806.1,22157
860203,650820,1353.45,920615,758256,36147.5,27473.7,2.67021e+06,1.96833e+06,8086.2,4452.4,935.3,848,22169
179067,195906,935.99,101103,102014,5643.7,5396.2,518805,478312,1705.2,1472.3,179.2,503.5,22203
335213,288734,1188.86,261613,245605,12252,10919.6,1.0975e+06,903474,1524.6,1689.1,365.3,411,22315
344379,295592,1193.04,537204,527092,21168.4,18021.8,1.72844e+06,1.43919e+06,2254.4,2803.2,273.5,565.1,22320
369554,328557,1151.79,772879,763347,13281,11847.8,1.21675e+06,1.00367e+06,3800.7,3949.6,706.5,795.1,22328
451904,456888,1012.85,225856,236136,5578.1,5351.6,591275,531766,2827.8,1883.3,428.7,525.5,22335
437646,443325,1010.89,240230,253756,7749.7,7539.6,786814,702527,2783.6,1939.9,269.5,433.1,22361
661312,602725,1123.54,4314,3243,-85.9,336,4034.2,3484.9,94.9,439.1,-9.1,364.5,22364
428971,447516,981.572,636218,688562,6511.5,5842.3,494270,448269,6123.6,4137.9,868.4,736.1,22384
512676,543425,966.058,76996.4,80554.3,1080.1,1118.5,79053.3,74108.5,133.4,529.1,-130.7,214.6,22389
487522,514570,970.177,1.01099e+06,1.05554e+06,32372.4,31926.1,2.82161e+06,2.61862e+06,9082,5967.5,1424.6,1008.7,22450
495989,522148,972.705,999626,1.01374e+06,24082.8,22816,2.36975e+06,2.17161e+06,7616.4,4780.7,1350.9,923.2,22525
454707,473699,982.949,1.07769e+06,1.1323e+06,21924.2,21647.3,1.97988e+06,1.85528e+06,7226.4,4416.2,861.6,619.9,22543
442965,465020,975.44,1.00034e+06,1.03976e+06,27131.8,26174.3,1.8474e+06,1.71794e+06,6448.6,4131.8,1050.1,700,22572
255142,222601,1173.7,214792,199667,15606.3,13345,1.35067e+06,1.08493e+06,272.6,765.8,-220.4,315.5,22580
544530,567168,983.127,1.03438e+06,1.03499e+06,24022.5,22773.8,2.10031e+06,1.84759e+06,3988.3,2885.1,517.1,468,22599
266778,220315,1239.97,18749.2,15421.7,826.2,987.2,74561.6,55607.6,30.7,288.9,84.8,400.7,22695
407232,418927,995.429,159347,166588,1494.1,1753.4,112600,104763,499.8,786.9,143.1,470.3,22746
285421,232262,1258.4,6170,5624.3,43,486.1,25901.1,19266.2,-249.4,331.4,49.9,438,22829
548193,559112,1004,556972,585687,12337.1,11733.4,1.44692e+06,1.27055e+06,5381.7,3781.4,981.8,645.8,22835
494810,518764,976.724,871293,881086,12293.1,11380.2,1.25432e+06,1.13187e+06,5030.4,3282,402.9,723.2,23037
495774,525376,966.317,992658,1.02558e+06,23911.1,22525.7,2.13613e+06,1.93919e+06,6620.7,4259.1,872.1,826.8,23069
511051,517475,1011.29,595503,617503,23498.3,22759.9,1.59055e+06,1.44955e+06,3737.7,2671.6,409.7,648.3,23118
481636,501946,982.568,1.48083e+06,1.53998e+06,39530.7,38244.3,2.89513e+06,2.58717e+06,5766.9,3758.9,994.3,752.2,23206
461080,476472,990.921,570335,618283,20035.4,19433.2,1.74589e+06,1.6094e+06,5447.1,3481.4,705.1,880.3,23238
501836,534406,961.6,1.15359e+06,1.16346e+06,12423.8,12234.6,1.27953e+06,1.16986e+06,6309.8,3878.1,788.4,964.8,23252
1.24894e+06,944984,1353.37,3.16333e+06,2.54867e+06,6494.2,5193,21845.9,15185.9,10304.9,6202.7,1331.2,1297.5,23327
1.15252e+06,1.13469e+06,1040.09,2.20517e+06,2.22262e+06,24919.8,23990.2,1.95931e+06,1.76734e+06,9001.4,5798,1372.6,887.7,23333
480986,507726,970.08,1.38146e+06,1.45871e+06,27529.2,25903.4,2.21896e+06,1.97508e+06,6248.5,3957.2,886.8,756.3,23346
451373,464581,994.897,810061,863817,12709,12059,1.07577e+06,981686,4678.7,2909.8,617.8,488.2,23371
506003,530971,975.853,1.38755e+06,1.4378e+06,35916.9,34214.7,2.70427e+06,2.43189e+06,5909.1,3994.3,1012.9,862.5,23558
481321,503164,979.555,996436,1.01426e+06,24509.5,23558.7,2.25295e+06,2.0757e+06,6848,4091.8,927.9,915,23841
460020,470598,1000.99,925549,982507,19614.6,19368.9,1.49138e+06,1.37723e+06,6090.9,4037.5,815.9,781.4,24156
500151,522634,979.952,1.00614e+06,1.03894e+06,12327.4,11690.8,1.23813e+06,1.12795e+06,5625.1,3459.9,593.6,579.7,24304
443991,456984,994.886,745398,800912,31813.1,30425.4,2.14027e+06,1.95572e+06,6749,4348.8,1055.2,929.5,24642
114915,131669,893.729,294714,321840,-11.8,366.2,1429,1077.7,585.6,748,-32.9,322,24880
508203,529438,982.939,898631,932748,19133.3,18159.4,1.25324e+06,1.12646e+06,5097.6,3133.1,821.3,729.4,25031
809362,774897,1069.55,1.98557e+06,2.00676e+06,48379.8,42885,4.69496e+06,3.92162e+06,14167,8623.8,1725.9,1393.4,25102
458703,480708,977.133,1.01231e+06,1.06043e+06,20057.9,18895.6,1.936e+06,1.80048e+06,8601.8,5319.9,1131.8,822.8,25130
441687,455909,992.066,803662,849535,14165.1,13808.4,1.50488e+06,1.38033e+06,6235.5,3894.1,950.5,864.7,25197
451087,470703,981.341,1.03946e+06,1.09048e+06,29774.9,29202.2,2.13053e+06,1.96478e+06,6748.6,4081,1003.5,964.3,25208
456722,468225,998.843,734996,801049,13075.7,13475.4,1.20633e+06,1.12558e+06,5084,3490.9,867.3,815.7,25306
651623,661039,1009.42,734365,748154,14600.7,13443.6,1.29959e+06,1.15888e+06,6395.6,4370.5,554.2,818.7,25339
492177,529542,951.756,1.07264e+06,1.09436e+06,22684.6,21489.6,2.21209e+06,2.03152e+06,6456.4,4089.8,622.6,777.3,25358
523402,565931,947.054,1.50718e+06,1.5447e+06,14582.2,13745.3,1.73509e+06,1.5528e+06,4737.6,3224.3,587.8,579,25460
1.01842e+06,1.01078e+06,1031.75,1.60795e+06,1.56846e+06,44214.3,40935.4,2.85041e+06,2.47214e+06,8347.4,5700.7,1143.7,1091.2,26008
452594,471505,982.93,914203,972495,38824.1,37984.6,2.7227e+06,2.51508e+06,6428.2,3748.9,961,622.2,26044
274125,289909,968.264,703787,719785,864.6,1102.2,2399,2465.5,1088.2,822.4,163.1,418.5,26192
451454,475042,973.159,886821,943394,25698.5,24772,2.32433e+06,2.11612e+06,6175.8,4005.1,613.4,673.4,26193
503418,534426,964.589,1.15014e+06,1.18792e+06,20958.4,20540.5,1.43472e+06,1.30914e+06,5919.7,3914.1,749.2,863.4,26398
491899,517162,973.981,1.16221e+06,1.17818e+06,36918.8,34810.4,2.58118e+06,2.28182e+06,9009.2,5635.4,1056,923.9,26419
130313,158490,841.956,274445,305275,1577.9,1870,2265.7,2827.5,7471.2,4740,514.5,578.5,26449
452604,468986,988.234,973020,1.00855e+06,17278.4,16456,1.59735e+06,1.46898e+06,5787.5,3568.5,529.2,596.8,26575
448432,463814,990.054,1.08875e+06,1.15468e+06,17707.2,17331.2,1.59624e+06,1.46738e+06,5948.8,4229.7,806.8,808.8,26632
491860,521240,966.281,1.01888e+06,1.05301e+06,30630.1,29706.7,2.40578e+06,2.20063e+06,5843.7,3939.8,619,645.7,26766
480355,500599,982.603,927418,978851,14387.5,14142.9,1.21671e+06,1.11046e+06,6277.2,4405.1,860.6,817.6,26969
506188,528171,981.386,1.16076e+06,1.21301e+06,16396.2,15877.8,1.62703e+06,1.47959e+06,6164.1,3605.2,692.2,618.6,27022
721368,709114,1041.7,664255,684912,15351,14058.7,1.34746e+06,1.17361e+06,5556,3770.7,797.3,787.3,27079
444642,454235,1002.38,877703,927325,22511.8,21746.8,2.07226e+06,1.90005e+06,6297.9,3740,849.6,687.3,27115
241228,229614,1075.82,264988,270550,1113.8,1194.6,2511.2,2662.9,2748.5,1665.7,403.8,502,27215
6.21978e+06,2.63088e+06,2420.88,2.58745e+07,5.66384e+06,3690,2291.6,5438.4,3194.6,75376.5,38589.8,1361.2,770.7,27241
453600,466721,995.213,1.01984e+06,1.07826e+06,14206.5,14259.8,1.27279e+06,1.18766e+06,7121.8,4293.2,843.8,660.9,27327
485988,524738,948.383,994846,997778,24671.2,23721,2.19022e+06,1.99836e+06,6285.3,4121.6,830.7,861.1,27533
486399,499464,997.229,1.43045e+06,1.5125e+06,17471.5,16729,1.43629e+06,1.2829e+06,5950,3405.1,688.1,612.2,27589
465582,480899,991.392,965666,1.04419e+06,25443.9,25338.4,1.9953e+06,1.84189e+06,4282.5,2855.8,672.4,713.8,27653
511853,538458,973.406,1.08352e+06,1.10189e+06,28493,27291.1,2.48168e+06,2.22424e+06,4434.7,3004.7,493.3,638.8,27909
499114,532945,958.998,1.13467e+06,1.15327e+06,37550.8,35259.3,2.69323e+06,2.39929e+06,10159.1,6072.2,1657.5,1432.6,28002
745172,753940,1012.1,1.57629e+06,1.52658e+06,50507,46109.5,3.78966e+06,3.34305e+06,14189.9,9007.2,2067.2,1332.7,28046
480669,509938,965.228,1.01458e+06,1.05959e+06,27589.2,27275.7,2.43281e+06,2.25779e+06,7257.8,4801.6,905.4,768.2,28140
463732,487522,974.035,940886,1.00183e+06,27737.9,26766.7,1.98994e+06,1.79767e+06,6424.2,3998.2,771.9,772.3,28184
689754,662177,1066.65,1.13389e+06,1.18785e+06,25374.2,22881.6,2.59243e+06,2.26728e+06,13497.2,7751.1,1657,1430.7,28280
1.35699e+06,1.20649e+06,1151.74,2.77513e+06,2.38676e+06,81691.1,66249.8,5.73703e+06,4.52977e+06,19540.3,11722.2,2548.5,1702.8,28333
527267,541806,996.531,1.03029e+06,1.08971e+06,19486.8,18824.4,1.68168e+06,1.52411e+06,9043.5,5308.1,1093.8,848.4,28420
513803,543756,967.599,1.05119e+06,1.05645e+06,13881.8,13133.4,1.20709e+06,1.08452e+06,4718.3,3306.4,389,543,28492
506253,541093,958.074,1.00078e+06,999467,26200.2,24614.7,2.38021e+06,2.12645e+06,5967.9,4172.1,894.2,795.7,28499
152923,169609,923.265,115376,122082,741.9,963.8,8061.9,8139.8,478.5,578,8.2,364.3,28573
450843,459993,1003.63,887338,940295,16166.9,15522.4,1.29864e+06,1.1892e+06,7042.6,4368.4,1194.1,778.2,28576
501695,521752,984.65,1.56081e+06,1.62577e+06,26773.8,25267.5,1.73797e+06,1.56929e+06,7603.7,4652.1,606.3,670.5,28669
1.25135e+06,1.15122e+06,1113.07,2.87398e+06,2.51955e+06,69366.9,58695,5.5804e+06,4.44429e+06,18168.6,11058.7,2000.1,1411.4,28889
497890,495683,1028.57,795731,848807,34859.5,32941.7,2.30301e+06,2.02425e+06,6417.1,3864.6,1176.2,836.9,28928
495193,527343,961.584,1.44574e+06,1.52416e+06,16295.4,15441.1,1.74694e+06,1.61381e+06,7132,4694.8,976.8,966.9,29009
477000,496748,983.298,1.13683e+06,1.19931e+06,23084.1,21946.5,1.58377e+06,1.44268e+06,5626.8,3746.4,512.7,550.4,29163
441641,452303,999.876,859428,915163,18063.3,17472.3,1.40722e+06,1.27415e+06,6742.7,4154.9,1226.1,851.7,29292
501254,520684,985.796,754778,751052,18686.5,17571.2,1.51764e+06,1.36711e+06,3585.6,2650.3,657.3,617.3,29298
453581,467157,994.252,1.09607e+06,1.14597e+06,26465.2,25634.3,2.15905e+06,1.99011e+06,6102.1,3939.5,841.8,900.2,29364
837962,637377,1346.26,1.83792e+06,1.43874e+06,46013.4,34090.4,3.09578e+06,2.23474e+06,11472.8,6102.9,1414.9,1108.5,29407
775625,774530,1025.45,1.47605e+06,1.40456e+06,27025.9,24252.6,1.94297e+06,1.60686e+06,7753.9,5344.8,1033.4,878.7,29464
452490,462282,1002.31,927096,985513,25687.4,23682.1,1.90307e+06,1.69315e+06,7033.1,4262.8,1167.1,1006.2,29488
507799,529054,982.87,998277,1.02768e+06,23509.4,22229.1,1.48718e+06,1.32946e+06,6155.7,3860.5,765.3,705.6,29493
491631,529611,950.569,1.08769e+06,1.10164e+06,23688.7,23065.7,1.80339e+06,1.66164e+06,6502.8,4291.3,424.9,926.2,29502
526609,554490,972.514,1.46442e+06,1.51316e+06,24519.2,22957.2,2.00767e+06,1.78962e+06,5892.7,3729.2,758.2,751.2,29533
450146,464514,992.33,861697,913317,28701.6,28123.8,1.9322e+06,1.77053e+06,7202.7,3965,885.5,858,29636
488039,518376,964.071,1.15784e+06,1.20703e+06,22164.6,21414.8,2.20872e+06,2.05102e+06,6391.1,4060.1,881.7,836.8,30093
497023,519008,980.638,993837,1.03153e+06,17272.6,16676.9,1.49508e+06,1.35875e+06,7198.6,4830.7,697.1,801.6,30094
482411,497924,992.105,1.48609e+06,1.5414e+06,28958.2,27956.5,1.77653e+06,1.59385e+06,6261.4,3800.7,636.4,738.5,30115
495517,528729,959.679,1.06908e+06,1.11042e+06,19293.4,18556.6,1.59769e+06,1.48938e+06,7493.8,4972,970.3,781.3,30130
510276,519376,1006.06,1.13548e+06,1.1968e+06,27470.2,25892.7,1.65307e+06,1.43022e+06,6756.9,3971.6,922.2,728.4,30270
2.3016e+06,1.6465e+06,1431.43,1.32164e+07,5.66416e+06,3052.6,2578,4803.5,4129.5,22027,13606.3,622.1,729.2,30331
1.03555e+06,974783,1087.84,2.43272e+06,2.11286e+06,62250.9,54018.8,4.95468e+06,4.08316e+06,14695.7,9315.4,1713,1185.9,30428
517803,540763,980.526,1.40914e+06,1.4842e+06,24236.8,23697.7,1.57479e+06,1.41564e+06,6243.9,3963.2,834.6,731.2,30555
702920,721013,998.31,1.74051e+06,1.72647e+06,56343,53585.2,3.97677e+06,3.50603e+06,14544.7,9142.9,2484.3,1576.8,30603
487559,510502,977.989,927676,970069,28717.8,27739.1,1.92672e+06,1.7598e+06,6736.2,4145.3,1062.9,750.8,30651
448919,474914,967.953,1.0688e+06,1.12663e+06,3748.4,3644.2,219031,202366,6986.7,4354.5,607.3,769.5,30666
520812,548728,971.904,1.2523e+06,1.26827e+06,30892.7,28797.4,2.51244e+06,2.2054e+06,7986.5,5421.9,1126.8,1088.9,30697
1.2534e+06,1.18101e+06,1086.76,2.86652e+06,2.65466e+06,110136,96004.8,7.65912e+06,5.5747e+06,18027.5,10749.3,2111.8,1577,30846
450752,463086,996.738,858779,911812,16012.1,15991.7,1.52657e+06,1.40635e+06,6533.7,3909.2,706.6,651.2,30903
514323,546078,964.464,1.10725e+06,1.09579e+06,30240.1,28609,2.18627e+06,1.93834e+06,8017.9,5193.6,1114.4,789.1,30939
486965,523866,951.873,1.01832e+06,1.03218e+06,22312.3,22202.3,1.92974e+06,1.76155e+06,6253.2,4224.7,494.5,785,30942
498546,523870,974.51,1.01228e+06,1.04736e+06,23098.6,21571.5,2.05062e+06,1.87668e+06,6326.5,4005.3,739.6,726.3,30992
617608,634436,996.845,1.29723e+06,1.33569e+06,32506.8,28326.8,3.44296e+06,2.88454e+06,7871.5,5379.9,868.7,701.3,30993
177138,206942,876.545,244139,255217,445.3,708.8,511,1048.6,741.5,970.9,-25.2,280.7,30997
532211,551268,988.608,965312,979766,16716.1,16278,1.32604e+06,1.18922e+06,4212.2,2675.1,355.1,569.9,31117
467861,485997,985.796,1.34107e+06,1.41922e+06,48538.3,46060.6,3.09388e+06,2.75487e+06,5222.9,3416.9,663.6,694,31162
691130,704556,1004.49,1.6726e+06,1.6813e+06,54281.2,51020,4.57543e+06,4.08379e+06,16690.8,10128,2294.7,1791.6,31260
471031,480864,1003.06,1.02426e+06,1.11273e+06,24124.5,23185.7,2.22197e+06,1.99272e+06,5685.9,3508.8,746.4,629.5,31272
619511,488250,1299.3,2.8037e+06,2.21537e+06,3474.2,2884.3,10505.6,8593.7,5947.7,3138.7,467.3,464.2,31303
436589,454045,984.641,921821,963162,18390.3,17483.3,1.90003e+06,1.75101e+06,6935,4461.7,1254.6,915.7,31620
640054,534098,1227.15,367881,292314,950.2,1063.8,2342.7,2574.8,1339.4,1004.2,374.9,350.3,31651
727427,721019,1033.1,1.39551e+06,1.39998e+06,34328.6,31040.2,2.78737e+06,2.42565e+06,10131.2,6011.3,1073.4,1171.7,31659
516235,538179,982.252,1.17979e+06,1.18076e+06,16201.9,14510,1.44906e+06,1.26668e+06,4449.2,2792.6,576.8,662.9,31779
1.08643e+07,3.17562e+06,3503.26,3.20576e+07,5.66386e+06,7557.3,3320,15896.2,5960.1,168040,70554.8,3404.7,1591.2,31825
515675,540134,977.641,1.2035e+06,1.22097e+06,26362.1,24291.7,2.46055e+06,2.14337e+06,7316.3,4674.3,841.4,1047.7,31927
861655,646522,1364.74,1.57216e+06,1.25982e+06,65249.5,48383.5,3.9049e+06,2.78842e+06,11292.8,6474.3,1730.4,1342.5,31955
734199,722899,1040.01,1.581e+06,1.58163e+06,33185.7,29449.6,2.90109e+06,2.45246e+06,11085.8,6689,1351.9,958.7,31961
498872,531224,961.636,1.17842e+06,1.19586e+06,25652.8,24691.8,2.03164e+06,1.86254e+06,6576.8,4505,701.2,620.2,32047
742749,731863,1039.24,965714,930866,24866.7,21036,2.01862e+06,1.61575e+06,5876.9,3803.8,622,681.5,32055
455821,462039,1010.23,874276,921343,32679.3,30822.4,1.95156e+06,1.70394e+06,8332,5099.3,1232,908.8,32193
472600,480766,1006.62,1.15587e+06,1.23261e+06,35038.9,33802.3,2.79548e+06,2.54329e+06,5638.5,3499,735.3,573.3,32593
486032,506711,982.223,948245,1.00634e+06,12115.8,11602.8,1.07281e+06,976464,7637.7,5189.7,1059.2,983.8,32644
509145,526544,990.163,796909,787220,9499.6,8672.1,884143,790186,3636.2,2654.3,457.5,608.8,32680
463816,396729,1197.16,1.73151e+06,1.52628e+06,1693.6,2001.1,2261.8,2385.4,4718,3184.3,381,521.4,32870
494546,504666,1003.47,598600,641084,20131.5,18524.3,1.98331e+06,1.76873e+06,5258.3,3507.7,855.3,723.6,32914
484062,514048,964.283,993036,1.02376e+06,29271.7,28673.8,2.15914e+06,1.99977e+06,8222,4953.1,1165.8,973.2,32952
429076,443058,991.688,838975,885720,15331.1,14536.5,1.42299e+06,1.27456e+06,5929.9,3761.9,639.5,763.5,33081
500413,527721,971.012,1.01856e+06,1.05765e+06,21575.1,21223.7,2.01071e+06,1.83592e+06,6439.7,4296.4,727.5,784.5,33106
1.02744e+07,1.64721e+06,6387.13,3.91149e+07,5.56702e+06,50681.5,8063.9,178796,28539.4,101347,18426.7,8721.5,2074.4,33110
505350,535013,967.235,1.43089e+06,1.48439e+06,35639.4,34637,2.93334e+06,2.68073e+06,6307.9,4140.8,813.4,812.6,33126
547655,583180,961.628,1.15435e+06,1.17776e+06,29717.8,28811.2,2.43049e+06,2.19589e+06,7163.3,4743.1,898.6,814.6,33291
834073,665204,1283.96,2.1547e+06,1.77996e+06,72630.1,56980.2,4.84654e+06,3.68991e+06,14483.7,8403.8,1784.6,1141.5,33358
488749,517642,966.846,991846,1.02747e+06,24572,23601.3,2.28595e+06,2.08048e+06,6676.1,4318.9,852.7,778.4,33385
557257,550343,1036.88,1.09447e+06,1.065e+06,36791.8,33687.1,2.24332e+06,2.00481e+06,18207.8,10387.4,1329.6,946.9,33535
561825,581124,989.999,1.29034e+06,1.31062e+06,33132.6,30078.1,2.52943e+06,2.13719e+06,7606.4,4768.4,910.1,802.4,33650
454920,469304,992.615,942673,1.0012e+06,17890.5,17179.3,1.43319e+06,1.31127e+06,6030.9,3819,579.6,641.2,33813
2.15968e+06,1.5879e+06,1392.74,1.17106e+07,5.66379e+06,2574.7,1840.3,4848.7,3244.2,32221.1,17182.1,1630,954.2,33897
681050,657739,1060.3,1.08065e+06,1.14139e+06,29750,27489.2,2.26734e+06,1.99878e+06,11828.2,7018.8,1688.6,1104.9,33996
489290,522814,958.349,917496,937658,17687.1,17018.8,1.30947e+06,1.19398e+06,6154.3,4166.1,603.7,687.6,34065
528196,550930,981.748,1.25048e+06,1.2922e+06,39267.4,37832.4,2.32366e+06,2.06981e+06,5371,3408.6,776.3,664.4,34096
994076,899013,1132.29,2.32389e+06,1.97597e+06,50867.5,41419.5,4.7277e+06,3.70317e+06,12935,7703.2,1749.7,1378.6,34381
507310,527184,985.395,999124,1.03654e+06,12903.9,12389.4,1.19452e+06,1.09038e+06,6069.6,3904.5,621.8,753.4,34462
443672,458473,990.942,900388,956444,12141.6,12050.7,1.15426e+06,1.065e+06,6809.8,4065.7,1092.6,889.3,34490
511624,534810,979.608,1.17756e+06,1.22917e+06,20444.3,20100.8,1.61122e+06,1.4627e+06,5519.2,3799.7,229.8,525.1,34577
491816,526337,956.839,1.23091e+06,1.2457e+06,22449.4,21025.7,2.33917e+06,2.13227e+06,5525.9,3667.9,544.5,569.5,34714
520892,535176,996.682,1.11323e+06,1.13612e+06,39046.5,36036.3,2.93802e+06,2.58273e+06,6991.6,4316.5,872.5,946.9,34772
534462,551001,993.265,810738,838660,19051.4,17866.1,1.50862e+06,1.33264e+06,3083.2,1881.6,415,565.9,34834
494615,501999,1008.95,963814,1.0501e+06,19086.6,18644.1,1.22387e+06,1.10757e+06,4383.2,3043.6,1042.7,714,34838
232157,244873,970.825,256274,261833,4784.9,5061.6,5248.4,5350,9842.2,6571.3,1224.6,1127.4,35062
458712,478900,980.842,1.09224e+06,1.14722e+06,19196.8,18296.7,2.23272e+06,2.05326e+06,5575.2,3289,718,626.2,35102
449244,473232,972.093,1.09801e+06,1.15454e+06,10367.5,10163.9,1.26917e+06,1.18376e+06,6430.2,3742.5,750.1,568.9,35170
459432,473563,993.448,944027,1.01238e+06,13851.8,13483.8,1.30111e+06,1.20341e+06,6111.4,3840.2,768.4,685.8,35185
456887,468540,998.54,1.11277e+06,1.17435e+06,19100.4,18823,1.83679e+06,1.69044e+06,6124.5,3834.9,807.9,695,35208
1.42774e+06,1.14498e+06,1276.89,8.75374e+06,5.63323e+06,5495,4761,25148.7,18218.5,16382.6,9479.7,1146,877.2,35211
102358,112970,927.816,123847,132042,184,480.5,849.6,932.4,250.2,532.4,-154.8,515.6,35437
448348,461983,993.792,977657,1.03453e+06,25623.2,25057.3,2.21679e+06,2.04787e+06,6193.7,3696.9,1224.1,831.6,35485
509295,526147,991.206,986113,1.05112e+06,25371.9,24172.6,2.20539e+06,2.0162e+06,8523.5,5132.3,1005.2,894.9,35537
495321,516714,981.606,969417,1.00491e+06,23206.7,22112,2.03274e+06,1.84099e+06,6041.6,3883.2,971.6,707.5,35623
515991,536128,985.537,972228,1.00762e+06,24596.8,22386.9,2.39457e+06,2.12686e+06,7068.1,4509.4,1004.2,747.4,36009
504292,528400,977.295,937842,953876,20245.6,19102.1,2.11626e+06,1.91283e+06,4831.2,3124.9,476.3,608.8,36127
1.24099e+06,1.20243e+06,1056.84,1.92755e+06,1.90897e+06,52246.8,47246.9,3.37531e+06,2.88118e+06,13722.9,8986.8,1723,1159.4,36156
504079,526307,980.756,586821,600084,19549.3,18408.8,1.30954e+06,1.18524e+06,3984,2754.7,421.9,498.7,36526
490201,519266,966.687,1.03363e+06,1.05179e+06,21728.1,20895.1,1.80089e+06,1.66244e+06,6630.7,4399.1,814.9,698.8,36606
510591,524193,997.429,502539,521085,8800.6,8723.4,1.03813e+06,934487,3034.9,2197.1,425.5,529.5,36662
525536,543697,989.797,580214,578046,14645,13065.7,1.32975e+06,1.13448e+06,3158.8,2220.7,543.6,689,36776
517773,538893,983.877,1.47447e+06,1.52153e+06,39096.6,38325,2.28153e+06,2.05615e+06,5183.2,3513.5,865.7,694.2,36917
492777,516450,977.066,1.02885e+06,1.07442e+06,28763.3,27702.4,2.0718e+06,1.90213e+06,5518.6,3496.1,827.4,865.7,36939
161001,180168,915.063,71772,80826.5,1824.4,2177.1,2437.9,3094.9,3289.4,2370,367.6,388.1,36946
492363,524334,961.572,1.00526e+06,1.01851e+06,18660.6,17859.4,1.98988e+06,1.82121e+06,7625.7,4916.4,1143,831.6,36975
491009,525279,957.204,1.38485e+06,1.45225e+06,26925,26825.7,2.40762e+06,2.22687e+06,6534.4,4575.3,989.8,923.8,37026
498352,521626,978.313,737433,727660,12941.2,12323.3,1.1901e+06,1.06183e+06,3477.4,2623.5,421.4,558,37045
550518,563897,999.706,917505,935220,19093.6,18050.5,1.43807e+06,1.2693e+06,3795.3,2610.5,542.1,645.6,37081
761618,771340,1011.1,1.58104e+06,1.52654e+06,38390.5,34808.9,3.35397e+06,2.93199e+06,10401.8,6886.6,1050.8,921.5,37120
498528,520886,980.057,878396,906993,11625.2,11097.6,972360,892004,6294.4,4310,779.3,757.9,37149
491910,535964,939.839,978909,984345,12097.1,11544.1,1.19854e+06,1.10171e+06,6291.3,4343.1,996.8,790.1,37225
552427,568056,995.827,1.46553e+06,1.55125e+06,34602.4,32753.7,3.31266e+06,2.91398e+06,7315.6,4657,893.2,816.7,37263
595322,624923,975.5,1.36763e+06,1.33117e+06,29378.2,27041.9,2.6862e+06,2.27447e+06,7713.3,5042.2,623,732.9,37323
542269,559288,992.852,721754,700862,9776.2,8638.6,807779,687456,3493.2,2334.4,683.8,758,37453
1.01831e+06,915597,1138.88,1.11003e+06,1.02181e+06,16447,13626.5,1.50613e+06,1.21385e+06,4882.8,3335.3,783.3,798.9,37517
468299,482041,994.809,790062,847506,31303.7,30319.5,2.30665e+06,2.07889e+06,4395,3037.9,675.7,559.4,37772
462590,478266,990.44,1.27652e+06,1.35022e+06,30779.1,29781.7,2.73521e+06,2.46801e+06,5940.7,3763.3,628,704,37784
449079,461617,996.189,871316,924953,20103.2,18472.9,1.43985e+06,1.27438e+06,7088.9,4592.4,870.8,1028.3,37800
183569,159892,1175.66,128568,117296,1570.6,1541.3,902.5,1264.8,1775.4,1398.1,316.2,820.2,37915
440251,446017,1010.76,889521,945729,16739.7,16083.5,1.6188e+06,1.49645e+06,7022.6,4059.6,1041.3,876.1,37917
494372,520193,973.172,721698,707472,12119.3,11118.7,1.32531e+06,1.14127e+06,4263.5,3251.8,558.8,687.7,37958
547171,571058,981.17,709671,688040,7302.4,6777,556259,474190,2015.3,1652.5,98.7,453,38018
496436,528468,961.94,1.12048e+06,1.1475e+06,28023.6,27716,2.04509e+06,1.89148e+06,6686.6,4430.4,942.8,835.5,38045
510822,523645,998.934,508093,496982,9670.2,8485.4,633617,557798,1875.2,1522.9,167.5,468.2,38058
433585,453410,979.23,725426,700278,19006.3,17911.3,1.37286e+06,1.21312e+06,6177.7,4597.7,1009.9,636.1,38099
230008,245266,960.303,1.07723e+06,1.14325e+06,666.7,1120.7,2974.5,3396.7,2036.1,1863.6,181,465.2,38145
951958,771078,1264.22,1.76797e+06,1.40014e+06,60427.5,45496.5,4.46155e+06,3.28551e+06,12943,8399.2,1508.8,1060.5,38204
503081,541344,951.634,1.04313e+06,1.04572e+06,13875.2,13166.8,1.20463e+06,1.08345e+06,4687.8,3332.4,637.7,537,38208
1.74652e+06,1.2935e+06,1382.64,2.89277e+06,2.10082e+06,59032.4,41825.6,5.66685e+06,3.93166e+06,17354.1,10171.8,1984,1482.4,38218
505154,527639,980.375,748831,746281,13366.2,12814.3,1.00891e+06,893932,3557.9,2686.6,498.1,686.6,38264
458179,479491,978.492,954686,1.0139e+06,29176.7,28352.5,2.11613e+06,1.94464e+06,6719.2,4170.1,1363,743.5,38314
533498,566292,964.706,1.27756e+06,1.29187e+06,18055.9,17039.9,1.92473e+06,1.6862e+06,4342.8,2956.7,456.9,621,38334
456630,478785,976.618,1.07345e+06,1.12406e+06,25887.4,25166.4,2.12117e+06,1.98362e+06,6561.3,4353.5,1104.5,934.5,38337
480552,516850,952.089,941685,941572,26212.9,24649.3,1.985e+06,1.79455e+06,5200.1,3775.7,756,605.2,38365
400980,398450,1030.51,348315,356770,14871.5,14484.3,1.46154e+06,1.32992e+06,4462.7,2547.9,887.1,693,38438
497204,539585,943.572,1.01064e+06,1.0158e+06,35124.9,33758.3,2.34371e+06,2.14796e+06,6550.9,4699.5,673.1,809.6,38444
483379,512172,966.439,764105,753833,20722,19376.6,1.81006e+06,1.59959e+06,4057,3077.9,573.2,651.9,38447
545124,552766,1009.85,57615.6,55479.4,857.7,993.6,92245.9,78908.6,132.8,565.7,286.4,820.8,38461
510815,556011,940.766,866048,866430,20474.9,19370,2.04362e+06,1.82014e+06,5296.5,3502.8,429.3,611.3,38477
281699,307323,938.627,370735,376751,9416.6,9050.4,1.13382e+06,1.03116e+06,3371.8,2473.8,372.7,492.6,38495
456291,499228,935.935,1.1299e+06,1.12004e+06,1307.2,1646.8,13043.5,11671.3,4612.1,3472.4,396.6,482.7,38551
619195,562626,1126.96,114132,103998,6341.1,4895.9,608172,452487,1204.5,1033.2,-51.8,377.8,38553
426448,424679,1028.28,26050,24901.2,703.5,1111.5,63658.4,53689.6,-203.5,410.7,97.5,367.5,38556
349697,388323,922.151,308366,312760,7344.8,7428.9,785569,727446,3299.2,2532.7,414.3,514,38575
555387,564367,1007.72,54215,51360.4,1508.8,1399.6,136095,116384,-186.8,415.5,-107.8,478.3,38577
1.12236e+06,752013,1528.31,4.54046e+06,3.43783e+06,12404.3,8163.7,14150.6,9702.5,45375.1,24956.3,1931.5,1443,38589
399093,426118,959.07,456178,446293,908.9,1113.9,3059.5,3109.3,2650.8,2062.8,320.3,625.3,38619
367477,358164,1050.64,937915,981780,21716.9,21404.1,1.44487e+06,1.3321e+06,5632.2,3285.1,782.7,744.1,38630
493934,502210,1007.13,274105,268354,2509.6,2527.6,186150,162434,1005,1053.9,-122.4,358.7,38652
504472,545894,946.309,1.23442e+06,1.30931e+06,19579.2,19316.6,1.69753e+06,1.58917e+06,6302.8,4117.3,630.8,856.1,38657
535351,536378,1022.04,21982.6,21072.7,373.7,492.1,26132.4,20815.2,265.7,370.1,37.4,352.8,38668
487483,530714,940.589,778370,810873,17268.9,17980.4,1.33463e+06,1.2779e+06,6003.8,3830.3,627.7,505.2,38729
442053,432673,1046.2,256867,243173,3670.7,3578.7,280711,236681,602.9,1138.3,94.1,523.4,38755
484997,509332,975.082,1.01683e+06,1.04521e+06,13828.8,12884.8,1.34132e+06,1.24533e+06,6789.3,4493.1,723.6,633.8,38764
498576,545125,936.566,284879,308201,6921.5,7317.8,471184,431688,4261.3,2877.5,898.8,679.3,38819
481032,501581,982.057,754994,819089,16535.7,16197.4,1.40081e+06,1.30938e+06,4819.5,3323.9,629.3,677.4,38832
508008,513969,1012.13,196958,198211,1376.6,1251.7,130816,114921,270.4,771.6,107.6,346.8,38845
171693,201305,873.374,364005,406765,3706.9,4379.2,13284.2,15827.3,2142.4,1522,705.6,559.3,38892
868326,467386,1902.43,172061,86178.6,9925.9,5437.3,714878,338889,1239.7,751.8,263.1,356.6,38920
364506,329125,1134.09,27514,25535.7,1069,1137.7,68100.1,56179,-119.6,316.9,-92.7,335.2,38945
136422,145448,960.451,22230,22099,266.4,324.8,-985.3,233,-197.8,213,178,417.7,38948
361513,327542,1130.22,524228,529650,14119.2,12998.3,1.7199e+06,1.49181e+06,3454.9,2710.2,496.8,532.8,39000
472102,505920,955.549,816629,848120,20407.7,20612.1,1.79302e+06,1.72359e+06,5704.5,4148,902.7,966.7,39001
511573,533936,981.11,806040,781544,10634.8,9813.3,765348,673380,2012.9,1787,422.5,453.7,39010
420436,451167,954.264,843399,797719,11651.6,10718.3,1.16843e+06,992300,6856.5,4422.3,607.7,795.7,39023
502631,554436,928.326,961919,954142,16962.4,16229.7,1.38911e+06,1.23621e+06,5969.4,3994.7,750.1,767.6,39038
631206,667766,967.944,691126,690453,12631.6,12655.5,1.03467e+06,959235,8205.9,5409.2,926.1,794.5,39062
507130,541131,959.664,1.20035e+06,1.27107e+06,31143.7,30987.7,2.43485e+06,2.27495e+06,6032.2,4369.4,533.2,688.1,39073
496593,531620,956.539,975197,1.00362e+06,20594.4,19322.7,2.0033e+06,1.82118e+06,6098.2,4019.2,773.1,904,39086
503946,544936,946.99,1.27181e+06,1.33257e+06,36404.3,35697.1,2.85843e+06,2.66086e+06,6184.1,4044.9,804,623.8,39102
431541,428396,1031.52,86070,84418.6,5050.9,5003.3,379173,333488,668.3,681.2,203.2,335.3,39117
814635,642724,1297.9,1.79308e+06,1.45645e+06,35313.8,26754,3.44405e+06,2.55737e+06,11957.8,6777.5,1682.4,1063.1,39157
483282,515061,960.829,407932,446171,8811.4,8613.3,841439,813921,5892.6,3937.4,659.6,618.6,39181
456598,465157,1005.17,288937,303964,8073.4,8093.9,803116,732740,2360.3,1745.1,337.1,420.9,39188
771155,594648,1327.97,1.60608e+06,1.33299e+06,27545.2,21925,2.37251e+06,1.82423e+06,9944.6,4806.9,1285.2,955.6,39202
442751,447182,1013.86,880515,943960,26736.8,25990.9,2.50321e+06,2.27327e+06,4139.8,2882,447.6,581.5,39214
153995,171249,920.83,61485.9,67573,539.8,626.1,645.3,1254,339,553.4,1.3,449.3,39302
376378,363929,1059.03,1.15072e+06,1.19589e+06,25749.4,24792.2,1.93397e+06,1.73796e+06,5615.3,3361.9,453.4,976.3,39320
520273,541383,984.082,1.09214e+06,1.11111e+06,12695.6,11994.2,1.19499e+06,1.07951e+06,4529.6,3133,745.4,653.1,39360
3.32357e+06,1.26611e+06,2688.04,1.55622e+07,5.62508e+06,10434.6,4171.1,44719.8,16160.1,46687.6,17996.4,3301.3,1448.9,39469
529934,539519,1005.82,198963,202279,1619,1416.4,170409,151591,757.1,752.7,148.5,360.5,39480
493609,518698,974.472,994768,1.01853e+06,26739.5,25466,1.86168e+06,1.68232e+06,6087.3,4119.4,1018.5,740.1,39493
454293,475184,978.996,1.04006e+06,1.11522e+06,17094.7,17058.6,1.91308e+06,1.80842e+06,6605.8,4028.7,611.4,822.9,39550
610565,608422,1027.62,118162,115876,1430.8,1309.7,116346,103123,441.3,623.2,73.4,318.2,39551
669710,647737,1058.74,959082,863712,23098.6,18687.6,2.25218e+06,1.74163e+06,7033.3,4970.2,1125.7,814.8,39575
443895,467415,972.487,1.02594e+06,1.08212e+06,26602.7,25369.6,1.95643e+06,1.80126e+06,6992,4456.8,690.8,757.5,39599
449923,490648,939.02,957156,962286,26403.4,25776,1.89654e+06,1.68691e+06,4862.8,3380.2,897.8,1176.2,39633
649963,642454,1035.98,1.17045e+06,1.22841e+06,38502.8,34959.9,3.11574e+06,2.66654e+06,10301.8,6020.4,1569.9,1229.6,39646
511430,522531,1002.25,185313,189462,2344.9,2791.1,190947,171714,719.2,670.6,-203.2,384.3,39672
502500,541208,950.776,1.20564e+06,1.25828e+06,15826.7,15661.3,1.64896e+06,1.53553e+06,6260.1,4118.2,531.7,597.3,39705
432100,469156,943.127,564666,559767,16495.7,15610.9,1.40188e+06,1.26213e+06,6287.8,4815.5,851.9,661,39735
426372,424213,1029.22,89061.5,88497.7,4490.5,4411.8,306365,269192,1050.4,775,394.1,423.7,39773
502433,513702,1001.55,249375,257730,2882.6,3084.8,287758,260193,1105,1082.9,254.8,400.8,39776
1.20277e+06,776073,1587.01,2.6394e+06,1.98265e+06,4446.3,3127.4,12095.6,8050.8,7053,3589.5,1008.6,680.9,39817
243067,253940,980.167,408874,417516,1690.6,1301.3,3612.4,3331.2,1883.6,1464.6,-17.1,456,39834
621694,479204,1328.49,1.164e+06,1.23284e+06,33176.3,33469.4,2.28092e+06,2.13523e+06,7934.8,3923.6,1025.4,611.8,39857
432565,453579,976.564,936299,971404,21827.3,21009.1,1.8041e+06,1.65624e+06,7039.6,4122.3,1020.4,850.2,39865
513077,543265,967.099,1.16163e+06,1.179e+06,10104.6,9608.9,860459,759678,8320.6,5404.2,1021.9,805.1,39869
422310,413387,1046.11,236174,241724,8469.4,7695.7,826562,722021,1568.6,1097.2,62.7,431,39875
464604,471557,1008.91,232504,237615,13473.7,12809.3,805787,708533,3224,2057.5,299.3,441.5,39945
383263,378598,1036.63,1.349e+06,1.41974e+06,37473.5,36316.9,2.48313e+06,2.24584e+06,5492.5,3121.9,593,517,39948
503673,523163,985.856,700492,703706,19670.1,18612.1,1.54211e+06,1.40169e+06,4985.8,3695.9,397.6,596.4,40049
520510,558818,953.805,986473,973646,18904.3,17884,1.79252e+06,1.58393e+06,2935.6,1982.9,398,593.2,40188
428810,438248,1001.96,977887,1.02288e+06,15364.6,14433.7,1.65533e+06,1.498e+06,6540.2,4126.3,760,614.8,40196
406390,402756,1033.25,500060,519110,21623.2,20989.9,1.89109e+06,1.72879e+06,4145.8,2622.9,663,664.6,40200
503588,530726,971.648,1.24088e+06,1.27789e+06,44032.8,43542.7,3.0096e+06,2.76434e+06,6277.1,4127.8,873.2,803,40213
483064,521125,949.219,1.01909e+06,1.03496e+06,21991,21430.3,1.49333e+06,1.37156e+06,7149.7,4749.3,1022.1,841.4,40244
387090,385005,1029.56,766806,817608,11414.2,11254.6,1.27205e+06,1.16445e+06,6182.9,3769.8,948,599,40377
443527,460152,987.018,1.01531e+06,1.06069e+06,20025.1,19124.5,1.99799e+06,1.8499e+06,6000,3719.6,743.5,1179.8,40535
490803,534164,940.882,1.058e+06,1.07685e+06,26129,25179.3,2.16004e+06,1.99307e+06,6000,3883.9,817.1,698.1,40725
491482,521942,964.25,780396,774439,13851.2,12968.1,1.4101e+06,1.26481e+06,4085.2,2698.4,686.1,746.4,40795
513099,534043,983.845,890326,875143,10140.8,9477.4,1.18318e+06,1.03935e+06,2514,1661.5,308.3,565.3,40975
1.44775e+06,1.10259e+06,1344.56,3.01852e+06,2.42488e+06,89483.8,67432,6.64277e+06,4.89871e+06,21947.5,11523.2,2675.5,1801.3,40998
989310,873122,1160.27,345598,296231,1988.3,2124.4,6170.2,5761.8,2244.4,1729.6,370.9,484.1,41003
544114,567317,982.127,1.13869e+06,1.14506e+06,17666.1,16898.5,1.84551e+06,1.6207e+06,3965,2907.1,609.6,511.6,41012
980112,876589,1144.94,1.96026e+06,1.65219e+06,59408.8,48517.4,3.80946e+06,3.01835e+06,13404.9,8006.3,1447.3,1218.8,41071
156141,181452,881.18,341812,359500,451.9,530.2,1050.7,1600.8,687.2,754.5,-206.4,319.5,41074
494824,524940,965.258,1.00144e+06,1.01421e+06,23275.8,21936.5,2.12961e+06,1.94734e+06,7149.1,4431.2,1080.1,940.7,41080
550805,587617,959.85,1.19399e+06,1.21009e+06,13506.2,12965.7,1.33058e+06,1.21625e+06,8017.5,5236.1,874.3,589.6,41083
774088,777125,1020,1.59381e+06,1.56869e+06,33288.1,30339.9,2.60316e+06,2.20202e+06,11038,6843.2,1295.8,1190.8,41173
441992,458269,987.638,1.01136e+06,1.07028e+06,27060.2,26890.3,2.15452e+06,2.01426e+06,6887.8,4067.3,1048.4,729.4,41193
451590,452671,1021.57,1.00799e+06,1.06813e+06,30649.6,28784.4,2.55669e+06,2.24732e+06,5306.3,3521.2,732.9,644.2,41204
410857,407519,1032.4,738518,785177,22161.7,21558.5,1.80054e+06,1.63089e+06,5993.2,3623.6,751.7,789.6,41240
6.31733e+06,2.29382e+06,2820.18,2.83468e+07,5.66446e+06,26936.3,10324.8,118297,47903,86523.5,32979.3,6699.7,2621.3,41253
509717,529881,985.034,860019,860734,15667.7,14451.3,1.40087e+06,1.22506e+06,4580.2,3055.7,622.6,480,41265
444725,461293,987.232,1.0593e+06,1.11455e+06,33639,33052.2,2.30609e+06,2.14963e+06,6255.8,3776.1,1044.2,728.9,41371
501792,518165,991.651,885654,936308,28557.1,27567.7,2.09056e+06,1.92171e+06,6064.3,3895.6,683,613.2,41452
200961,209351,982.995,236712,258646,573.3,996.7,1819.7,2289.9,375.8,542,104.9,464.9,41499
451300,468863,985.656,1.0058e+06,1.0753e+06,19097,18375.8,1.69655e+06,1.573e+06,5315.5,3445.1,790.5,656.6,41543
484944,509994,973.707,1.37238e+06,1.44386e+06,27014.1,26797.8,1.82685e+06,1.69377e+06,6391.4,4084,619.9,774,41713
1.03008e+06,959378,1099.47,2.663e+06,2.55224e+06,4454.8,4597,18958.8,17068.2,12384,7301.7,752.2,762.9,41795
516740,535427,988.265,945656,956091,18139.9,17676.8,1.39226e+06,1.262e+06,4450.6,3095.7,476.6,606.7,41804
500786,528232,970.795,1.15271e+06,1.17113e+06,30687.3,29692.8,2.17943e+06,1.99411e+06,6469.8,4035.5,597.1,768.5,41971
478020,484665,1009.96,1.28712e+06,1.37116e+06,14595.2,13679.8,1.62426e+06,1.45032e+06,5926,3568.2,724.5,627.5,42240
515901,539834,978.604,1.29552e+06,1.35241e+06,29494.3,28252.1,2.2692e+06,2.04427e+06,5702.2,3748.1,605.1,745.1,42256
1.73183e+06,760491,2331.92,1.49555e+07,5.66297e+06,10837.3,5128.7,40357.4,23274.6,36778.2,15196.7,2118,1070,42285
2.03625e+06,1.7983e+06,1159.49,9.91554e+06,5.66124e+06,7136.4,5928.5,31195.3,24952.6,19110.3,11155.9,1179.5,861.6,43047
468797,484668,990.474,1.15452e+06,1.21816e+06,33635.5,32451,2.65072e+06,2.41454e+06,6066.4,3757.9,505.9,628.6,43198
455033,476811,977.235,918339,968692,26410,25497.8,2.03893e+06,1.87369e+06,7549.3,4863.8,934.9,1023.9,43270
496167,518672,979.583,1.00288e+06,1.02411e+06,21664.5,20273.5,1.76126e+06,1.62564e+06,6992.1,4318.4,1137.4,896.2,43869
515219,535161,985.843,1.01376e+06,1.07632e+06,18420.8,17508.7,1.61918e+06,1.45668e+06,10535.5,6610.6,1272.4,923.9,46222
502237,516980,994.805,657718,661821,17798.6,16882.8,1.39098e+06,1.25221e+06,4174.8,3405,367.7,703.6,46276
461099,486521,970.493,981254,1.01725e+06,25376.8,24578.7,1.61846e+06,1.48616e+06,6876.9,4580.6,1035.6,808.9,46439
510911,526288,994.095,356193,349596,3522.8,3582.3,327491,289397,930.5,1105,-54.2,356.4,46668
457428,482279,971.248,1.00465e+06,1.04654e+06,31593.4,30780.1,2.38855e+06,2.21745e+06,7471.3,4649.3,1090.6,816.3,46784
516596,562606,940.265,1.35384e+06,1.40465e+06,27263.2,26482.4,2.22885e+06,2.0321e+06,5807.5,4037.7,680.5,663.3,46799
1.31373e+06,514793,2613.22,1.31126e+06,728550,2345.5,962.4,7927.6,3548.9,4740.7,2067.2,432.1,418.5,46859
503602,553579,931.559,1.09024e+06,1.1273e+06,29968.8,29137.3,2.37177e+06,2.18793e+06,5963.8,4050,744.4,667.4,46884
385036,409464,962.929,625160,581585,19726.5,18180.9,1.59799e+06,1.36585e+06,5767.3,3745.9,480.5,544.4,46918
473969,482925,1005.02,689924,656959,10136.9,8913.7,647194,545650,2247.1,1700.3,353.7,572.6,46925
508074,512644,1014.88,233244,238997,5890.4,5402.3,389456,346098,925.2,883.8,209.5,611.9,46991
490660,511060,983.132,1.08541e+06,1.11694e+06,35575.5,34096.8,2.16557e+06,1.99038e+06,6697.8,4030.9,1110.5,1186.3,46992
226108,245943,941.438,286796,298034,6499.9,6661.2,6520.7,6762.9,2443.7,2027.3,431.6,436.6,47029
463222,464810,1020.5,658939,626566,11173.4,10219.8,881767,744386,1525.2,1393.8,-78.8,451.7,47045
438357,436109,1029.29,166444,166852,7441.6,6753.7,574287,503650,854,810.5,10.8,442.7,47057
3.8894e+06,979246,4067.18,2.78366e+07,5.66418e+06,25646.6,7322.7,91912.1,24501.2,69065.9,27730.9,6626.5,2613.5,47113
494546,521114,971.797,981644,1.01238e+06,27512.2,26256.9,2.2686e+06,2.04517e+06,5569.9,3499.3,597.4,747.8,47151
163810,203472,824.393,655526,768833,-238.1,335.9,-199.9,682.3,2150.3,1817.5,-5.2,523.3,47166
816593,465246,1797.33,1.34437e+06,810694,2709.8,1500.4,14405.7,6846.6,4394.3,2508.3,547.4,608.6,47186
486904,520056,958.723,1.15694e+06,1.2009e+06,21163.1,20637.9,2.18787e+06,2.03281e+06,6658.8,4612.9,1062.3,727.9,47257
557092,549321,1038.49,63271.3,61945.4,426.5,896.8,70651.4,58755,64.1,431.1,-81.7,273.2,47275
1.08226e+06,803332,1379.56,2.47643e+06,1.8408e+06,78803.1,57953.2,6.99319e+06,4.94779e+06,24942.6,13431.3,3087.1,2106,47306
419404,451372,951.485,502686,490699,11898.6,11082.7,1.29964e+06,1.13991e+06,6413.8,4761.9,887.7,1135.4,47308
349751,333569,1073.68,252139,255889,9370,8563.9,727408,630344,2566.1,1849.8,563.4,636.8,47378
496164,532284,954.518,1.05711e+06,1.09376e+06,27890.3,27743.7,2.23716e+06,2.07727e+06,6628,4088.7,902.4,787.4,47397
379108,414770,935.958,752602,724397,13968.2,12959.2,1.57357e+06,1.3833e+06,4417.4,3347,702.7,647.9,47419
451952,458992,1008.29,953151,1.00505e+06,21279.8,20345.3,1.8406e+06,1.68211e+06,5313.9,3548.7,475.9,616,47454
489274,512305,977.966,1.41323e+06,1.48826e+06,43218.9,41327.6,3.02177e+06,2.67417e+06,5531.7,3532,720.6,861.7,47518
379595,354436,1096.7,528504,530652,11140.9,9915.7,959778,824496,3741.8,2134.8,324.5,539.2,47570
510481,546546,956.432,1.40769e+06,1.42233e+06,23758.5,22481.6,1.61484e+06,1.42772e+06,5797.1,3846.7,690,984.7,47669
410171,410018,1024.39,250928,264417,14799.4,14238.4,1.05975e+06,949182,3160.9,2145.4,597.8,626.9,47686
983495,684339,1471.64,933372,696199,21682.8,15294.8,1.57503e+06,1.0226e+06,8162.3,3239.4,1440.3,665.4,47690
509210,530402,983.089,1.04295e+06,1.05926e+06,17309.3,16735.4,1.41423e+06,1.29278e+06,6014.9,4213.6,578.7,629.5,47691
366256,338850,1106.83,464630,461702,15806.6,14653.1,1.28422e+06,1.0899e+06,5305.3,3137.8,871.8,638.8,47703
411221,416938,1009.96,982061,1.02689e+06,18762.3,18116.2,1.61157e+06,1.48514e+06,5316.8,3240.5,567.4,657.4,47717
660946,486497,1391.19,1.90737e+06,1.53193e+06,70435,53881.5,4.49657e+06,3.29598e+06,10664.6,5733.5,1394.2,950.3,47763
1.93771e+06,1.18012e+06,1681.37,632000,430953,1375.4,1231.9,6738.3,3400.9,1411,944.2,219.7,409.8,47766
437909,451168,993.904,623553,664702,18761.6,17842.2,1.22306e+06,1.10611e+06,4591,2727.8,909.1,688,47819
1.79837e+06,1.66868e+06,1103.59,1.54482e+06,1.42821e+06,6946.1,6505.5,24197,21311.8,7740.6,4545.7,684.5,592,47952
496414,527544,963.573,1.09002e+06,1.12707e+06,11673.8,11738.7,1.2359e+06,1.14973e+06,7802.1,4718.5,977.1,720.4,47986
361040,324210,1140.33,716652,729197,15172.3,14279,1.3966e+06,1.22988e+06,5425.6,3698.1,985.6,584.8,48031
457734,482134,972.188,980533,1.00983e+06,32527,31942.4,2.26521e+06,2.08621e+06,7154.1,4095.1,922,768.5,48065
446441,465912,981.205,1.10112e+06,1.14719e+06,33718.7,33354.4,2.24551e+06,2.05292e+06,6947.9,4258.2,1191.7,797.9,48133
463278,477760,992.959,1.13805e+06,1.19845e+06,34226.4,33261.7,2.42926e+06,2.19203e+06,5799.4,3788.7,783.8,792.1,48137
481211,494609,996.263,1.16959e+06,1.26411e+06,35339.1,34621.5,2.22654e+06,2.01833e+06,4580,2950.6,599.7,695.2,48156
519450,548781,969.277,1.39878e+06,1.44084e+06,25730.8,24633.9,2.35066e+06,2.12148e+06,5589.9,3534.3,487.2,594,48269
451548,468099,987.799,852020,910929,12770.1,13014.4,1.52694e+06,1.40943e+06,5868.8,3321,840.8,636,48291
490259,529650,947.847,1.01125e+06,1.02496e+06,20261.1,19005.7,1.89722e+06,1.74041e+06,7614.9,4960.9,1042.8,982.4,48655
509324,519873,1003.22,606832,620805,21624.2,20752.8,1.4753e+06,1.32655e+06,4048.7,3177.2,732.2,874.9,49039
1.26739e+07,3.5494e+06,3656.42,3.63794e+07,5.66352e+06,99943.8,37600.7,2.62844e+06,2.0122e+06,268083,71026.6,20531.1,5926.6,49108
483554,510386,970.17,1.236e+06,1.27982e+06,22839.7,22308.1,1.78106e+06,1.63667e+06,6885.7,4165.4,820.5,722.7,49241
474611,484324,1003.47,1.11291e+06,1.18478e+06,28061.8,27195.1,2.8763e+06,2.60049e+06,5305.3,3461.8,991.4,656.7,49347
501120,525570,976.364,1.08186e+06,1.10569e+06,19436.5,19202.5,1.55912e+06,1.4381e+06,6766,4167.3,609.3,831.8,49373
149715,167153,917.178,84843.8,95861,1121.9,1124.3,1217.2,1628.2,3087.2,2311.4,212.8,505,49557
1.0262e+06,828991,1267.61,3.12446e+06,2.63589e+06,82975.3,66037.3,6.65021e+06,5.10101e+06,17011.6,9169.4,2321.7,1659,49715
500335,543043,943.471,1.09557e+06,1.10537e+06,27281.6,26013.7,2.36323e+06,2.18062e+06,5799.1,3949.8,1042.5,778.3,49769
445878,456934,999.234,1.00855e+06,1.07244e+06,10350.3,10050.6,1.01416e+06,952692,7880.4,4853.3,1023.6,558.4,49983
1.11256e+06,545742,2087.58,2.08396e+06,1.46982e+06,1433.5,1024.7,6301.9,3669.1,3571.9,2087.5,433.6,427.3,50003
515890,547246,965.338,1.08725e+06,1.08903e+06,28619.6,26948.9,2.22215e+06,1.93671e+06,7137.7,4775.2,854.7,673.8,50020
441416,451451,1001.24,865723,918697,15396.8,14909,1.73633e+06,1.56336e+06,6146,3432.8,643.1,514.4,50102
494974,530284,955.822,996095,1.01039e+06,24911.8,23831.6,1.71066e+06,1.56294e+06,5388.3,3947.5,831.8,704.3,50186
482583,500019,988.298,715584,776183,11364.9,11438.6,960234,891730,4939.7,3442.8,689,606.1,50189
455373,473404,985.005,915144,971491,21972.9,21390.8,1.8744e+06,1.7194e+06,5877.3,3769.1,814.6,757.9,50193
686712,704218,998.547,1.58648e+06,1.53497e+06,30014.9,26485,2.69908e+06,2.28255e+06,9578.6,6396.3,1002.9,883.9,50271
497432,540503,942.411,1.04571e+06,1.05254e+06,27526.2,26406.1,2.10175e+06,1.88758e+06,6499.9,4058,1123.1,837.3,50376
518586,529448,1003.01,314899,330016,5758.7,5362.5,615728,557734,1605.3,1235.7,300.3,530.9,50399
480277,494345,994.86,953963,999267,23560.7,22087.2,1.40785e+06,1.25231e+06,6178.9,4058.5,816.3,689.6,50429
432992,447619,990.544,1.00119e+06,1.05976e+06,21987.4,21304.9,2.00036e+06,1.82871e+06,6363.2,3998.4,1070.6,709.1,50430
504836,553051,934.733,1.28054e+06,1.3339e+06,22011,21235.5,2.00018e+06,1.84641e+06,6356.7,4177.1,1031.1,764.2,50529
511275,528191,991.216,589917,601851,16618.8,15635.5,1.34141e+06,1.20111e+06,3536.1,2302.4,346.9,588.9,50536
1.60534e+06,1.32111e+06,1244.3,3.48477e+06,2.81987e+06,115524,90047.7,9.35463e+06,5.62367e+06,26975.2,15551.9,3103.5,2108.2,50543
449280,459377,1001.49,1.10827e+06,1.16629e+06,31405.6,30847.7,2.64092e+06,2.45583e+06,6489.8,4098.9,891.8,663.7,50575
426085,429856,1015.02,901763,945995,31450.6,30251.3,2.43877e+06,2.2392e+06,5924.7,3678,897,624.1,50791
448889,476318,965.044,1.09838e+06,1.16532e+06,15053.1,15049.7,1.85479e+06,1.7409e+06,7186.3,4330.3,811.7,831.1,51026
501302,535604,958.425,1.15716e+06,1.17542e+06,18535,18011.3,1.66173e+06,1.51749e+06,5453,3727.3,753.5,783.8,51064
471921,495554,975.168,1.12482e+06,1.15966e+06,33066.7,31799.5,2.68281e+06,2.47773e+06,6783.3,4365.3,815,788.4,51109
506775,548192,946.647,1.32632e+06,1.36249e+06,26540.8,26005.7,2.27795e+06,2.08706e+06,5994,3923.8,887.8,655.4,51176
514930,539044,978.197,1.48271e+06,1.51817e+06,26679.1,25645.8,2.78641e+06,2.51499e+06,6352.5,3775.6,644.1,690.5,51217
535037,504922,1085.08,1.60032e+06,1.3217e+06,1849.5,2000.6,6597.6,5392.7,5091.5,3607.8,244.7,457.5,51620
463551,484861,979.005,1.29164e+06,1.34424e+06,21245.7,20728.1,2.44486e+06,2.23957e+06,5894,4009.3,871.8,798.8,51634
496186,527971,962.358,1.03533e+06,1.04259e+06,20714.8,19629.3,1.91071e+06,1.7525e+06,6010.2,3962.7,890.9,771.5,51639
464668,488093,974.864,1.01259e+06,1.05553e+06,25810.7,24643.8,2.72203e+06,2.49942e+06,6636.1,4051.5,806.3,696.4,51688
453748,479639,968.738,1.03322e+06,1.09161e+06,28359.6,28287.2,2.371e+06,2.24122e+06,7766.3,4783.1,779,969.7,51699
531048,546760,994.589,723029,779068,20448.2,19383.6,1.77469e+06,1.5717e+06,5261.7,3479.2,593.5,539.2,51720
459248,463389,1014.86,331389,339418,11861.3,11205.2,1.13032e+06,1.03433e+06,2316.2,1991.9,403.1,528.9,51753
550540,575050,980.357,960107,930240,19843.2,18570.3,1.38846e+06,1.18476e+06,2542,2225.8,428.9,607.3,51762
493333,538722,937.726,943195,977676,30825.6,29809.5,2.34048e+06,2.17072e+06,7818.5,5185.2,1115.2,835.8,51861
444100,457892,993.163,736132,788224,13030.4,12576.1,1.26165e+06,1.15111e+06,5916.9,3775.5,869,775.3,51898
503362,541417,952.026,1.25023e+06,1.2893e+06,35520.6,34853.3,2.99959e+06,2.76546e+06,6426.7,4130.2,768.3,1041.7,51984
769885,606167,1300.58,675038,481764,1305.4,1117.8,5434.5,2903.5,1004.8,971.4,113.2,649.9,51985
511248,514638,1017.26,1.09951e+06,1.14793e+06,39176.6,36040.2,2.76381e+06,2.41208e+06,7762.9,4806.8,1027.9,808.4,52028
494183,533996,947.66,1.0648e+06,1.06445e+06,24845.8,23389.9,2.11857e+06,1.88273e+06,6629.6,4498.4,684.3,741.6,52223
510614,529600,987.304,698824,701240,12991.3,12203.7,958239,850557,3925.3,2499.8,602.6,715.3,52260
560275,582255,985.355,898137,867029,15041.9,13770.3,1.25299e+06,1.06565e+06,3458,2388.6,610.9,550.5,52273
707117,713843,1014.36,1.44958e+06,1.41139e+06,31823.5,28487.3,2.92877e+06,2.56256e+06,14118.8,8766.5,1828.3,1534.4,52325
450086,454944,1013.06,834890,885899,14659.7,14191.1,1.49596e+06,1.37018e+06,5139.8,3343.2,410.6,461.1,52327
443108,464474,976.9,1.00057e+06,1.04837e+06,23486.3,22560.9,2.05867e+06,1.87001e+06,7345.1,4191,986,877.1,52360
509594,523300,997.188,575524,590655,28787.8,26838.9,1.48695e+06,1.28319e+06,3738.7,2342.4,551.8,672.8,52372
1.01657e+06,836920,1243.81,1.82837e+06,1.80501e+06,14501.6,11616.8,1.13589e+06,953732,15238.2,8790.2,2038.6,1050,52391
487856,524537,952.391,960049,969428,27297.4,26140.6,2.3545e+06,2.13269e+06,6531.7,4230.5,1055.8,876.4,52400
484602,529531,937.122,1.03567e+06,1.08145e+06,22558.1,22112.3,1.63695e+06,1.52651e+06,6815.5,4193.1,689.6,822.6,52415
446203,444248,1028.52,785564,835294,15347.1,14369.3,1.61783e+06,1.39417e+06,6466.7,3646.3,714.2,669.9,52446
479186,522419,939.262,1.02684e+06,1.05302e+06,24298.1,23556,2.30706e+06,2.12367e+06,6775.4,4407.7,903.6,838.3,52504
462991,480187,987.335,1.19217e+06,1.26694e+06,52561.5,51359.4,4.78743e+06,4.4693e+06,5896,3698.7,794.6,741.6,52556
503296,528413,975.336,962870,969855,8719.7,8174,625567,547501,4721.5,3082,632.8,709.1,52580
506128,522924,991.116,445861,454803,7222.7,6897.2,652577,585589,1975.7,1429.6,562.4,468.4,52604
539181,577363,956.285,1.50958e+06,1.52214e+06,34279.8,32291.4,2.54104e+06,2.28399e+06,5872.7,3935,764.5,847.3,52655
493059,510490,989.039,1.00706e+06,1.06597e+06,15034.7,14178.3,1.40956e+06,1.27732e+06,6997.9,4376.1,935.6,931.8,52783
469453,499178,963.026,1.45031e+06,1.53234e+06,26571.3,26627.9,2.05346e+06,1.89206e+06,6813.5,4179.5,801.6,882.9,52809
495795,519241,977.763,968538,1.01138e+06,30167.3,29079.1,2.57309e+06,2.32868e+06,6619.3,4255.1,816.7,750.1,52880
1.16418e+06,1.00664e+06,1184.26,419668,338161,20596.6,16682.2,195496,157511,5878,4129.3,1069.5,914.3,52906
496929,535358,950.506,1.1787e+06,1.21601e+06,37170.5,36289.9,2.92561e+06,2.67134e+06,5771.6,3728.2,517.1,684.5,52935
439864,456914,985.792,944983,1.0034e+06,16721.1,15860.1,1.94796e+06,1.79329e+06,5110.3,3020.8,925.5,725.2,52941
530707,554298,980.422,1.26862e+06,1.28571e+06,46350,43784.8,2.87903e+06,2.52782e+06,4827.5,3382.5,727.8,729.5,52964
491905,522564,963.927,994348,1.03955e+06,26336.5,25158.5,2.36417e+06,2.15929e+06,5748.4,3898.5,772.2,709.6,52966
429788,438006,1004.8,985318,1.0318e+06,22920.9,22182.3,2.01457e+06,1.86588e+06,5829.2,3594.8,552.2,618.9,53049
751512,764804,1006.21,1.72794e+06,1.69207e+06,32664.4,28022.1,2.70274e+06,2.23263e+06,13396.5,8534.3,1429.6,1025.4,53075
513202,529073,993.283,884418,919556,20590.9,19904.6,1.64648e+06,1.51401e+06,5970.8,3914.7,713.8,724.3,53079
849321,717473,1212.18,3.0525e+06,2.52706e+06,4176.2,3624.4,16127.2,12788.1,4837.3,3268,648.5,663.1,53105
495185,519371,976.318,796060,807104,13716,12700.4,1.11281e+06,1.00592e+06,5113.2,3440.1,649.9,878.5,53156
531481,560780,970.505,1.53054e+06,1.58316e+06,33249,32031.6,2.95257e+06,2.61078e+06,6159.7,3754,854.8,718.8,53182
443230,462649,981.02,1.02597e+06,1.07904e+06,14518.9,14136.5,1.21858e+06,1.13275e+06,6523.4,3935.8,789.3,750,53203
440547,451011,1000.25,851983,900544,25321.4,23989.7,1.84663e+06,1.69727e+06,5229.6,2987.5,300.2,600.8,53240
520837,555714,959.736,1.30767e+06,1.32836e+06,17649.6,16853.9,1.51628e+06,1.36712e+06,5221.8,3622.6,648.2,577,53263
461279,464002,1017.99,792559,841421,34161,33590.9,2.23001e+06,2.00647e+06,4396.2,3072.6,688.5,653.6,53281
296793,310854,977.7,193744,190120,1332.5,1246.7,957.2,1327.7,1550.6,1073.3,286.6,381.1,53320
456422,470792,992.761,1.12059e+06,1.19634e+06,24161.5,23013.2,2.20757e+06,2.02032e+06,5157.3,3075.5,678.1,556,53381
963049,983470,1002.74,1.39692e+06,1.47731e+06,25842.3,24562,2.75736e+06,2.50873e+06,11841,7333.3,1246.1,1178,53385
450638,471945,977.771,1.38053e+06,1.47018e+06,24076.8,23638.9,2.22217e+06,2.05345e+06,5665,3659.7,795.3,794,53387
2.48315e+06,1.00419e+06,2532.13,1.4787e+07,5.65171e+06,14265.1,6326.4,57335.9,22708.9,50549.4,21100.7,3482.6,1800.9,53421
521506,522497,1022.06,1.02306e+06,1.0523e+06,23474,22000,1.97802e+06,1.78909e+06,7746.6,4670.3,908.2,684,53536
458847,483139,972.518,949477,993493,25826.9,24462,2.12612e+06,1.93648e+06,6911.5,4187.5,855.5,809.1,53551
448923,466994,984.377,992132,1.03865e+06,38107.7,36247.4,2.39678e+06,2.13222e+06,7131.9,4218.5,1098.3,817.1,53625
823799,626127,1347.3,1.79423e+06,1.39042e+06,52117.8,38192.3,3.78105e+06,2.70673e+06,13244.3,6949.7,1642.1,969.1,53726
513278,546620,961.546,1.30501e+06,1.31801e+06,36106.3,34018.3,3.13018e+06,2.76594e+06,7263.9,4835.2,920.8,915.8,53803
472509,490074,987.302,1.31724e+06,1.38312e+06,29315.8,27608.6,2.64126e+06,2.37369e+06,9432.8,5859.9,1422.9,1361.1,53904
505403,520259,994.763,483778,502862,8716,8252.5,837018,752050,2791.5,2227.8,519.8,719.5,53996
505697,532081,973.223,1.24317e+06,1.28596e+06,30613.5,29266.1,2.36906e+06,2.1451e+06,5688.6,3698.3,675,728.6,54082
506452,520618,996.142,568794,589896,10968.6,10135.6,1.04353e+06,950461,3929.7,2835.4,617,694.2,54084
5.05198e+06,1.68159e+06,3076.4,3.18868e+07,5.66464e+06,34516,12761.2,373011,269599,138903,48780.3,9560.6,3359.2,54157
511025,555331,942.305,1.51844e+06,1.54967e+06,35249.6,32979.4,3.5195e+06,3.14725e+06,6534.1,4277.2,963.5,658.4,54273
454029,472440,984.11,533622,583508,14263.7,13679.3,1.29625e+06,1.20618e+06,4838.3,3272.8,825.1,627.3,54513
533069,564572,966.867,1.02622e+06,1.00701e+06,18078.3,17062.4,1.70965e+06,1.47875e+06,2663.3,2280.8,709,571.8,54562
506553,524620,988.742,758411,778982,10075.1,9656.4,1.04547e+06,957247,3802.4,2694,669.7,835.1,54578
492163,535588,940.982,1.22927e+06,1.26137e+06,37969.5,37225.7,2.88531e+06,2.66254e+06,6251.9,4267.9,590.9,986.9,54665
997063,958019,1065.74,2.33486e+06,2.18054e+06,54145.6,47441.1,5.2002e+06,4.39207e+06,13624.9,8199.3,1526.6,1098.3,54779
447202,466376,981.916,1.03783e+06,1.09295e+06,25221.5,24119.4,2.63313e+06,2.4272e+06,7488.5,4385,813.7,677.9,54804
488956,523861,955.779,1.11472e+06,1.12922e+06,39559.3,38254.2,2.95188e+06,2.69008e+06,5739.3,3715,354.1,618.6,54807
516762,556706,950.53,1.5845e+06,1.63704e+06,31039.7,29728.1,2.97286e+06,2.69456e+06,6625.1,4550.4,1254.5,742.5,54906
527976,550098,982.825,1.53665e+06,1.60269e+06,31915.2,29956.4,2.8161e+06,2.49351e+06,5948.1,3749.3,1040.4,821.6,54955
518846,549761,966.418,1.19946e+06,1.1882e+06,35937.2,33383.1,2.44083e+06,2.14044e+06,6347.1,3926.8,814.8,694.2,54977
492109,529518,951.667,1.00857e+06,1.0188e+06,20400.6,19973.4,1.51229e+06,1.38597e+06,6476.9,4347.3,931.2,922.2,55140
514278,539586,975.975,1.09986e+06,1.11673e+06,25462.9,24168.6,1.96286e+06,1.76801e+06,4555.3,3191.1,336.1,619.4,55227
494063,525304,963.114,1.05596e+06,1.09826e+06,28227.6,27934.6,2.07393e+06,1.92791e+06,7790.8,5178.2,1178.7,941.6,55377
466540,480746,993.744,895249,938834,27743.2,25682.1,2.38683e+06,2.07634e+06,5531.6,3540.8,691.8,686.6,55485
512803,533542,984.207,1.00844e+06,1.04549e+06,22861.7,21629.4,2.08096e+06,1.90642e+06,5832.4,3619,643.3,735.2,55961
493299,519444,972.465,974928,1.02428e+06,25555.6,24438.1,2.2629e+06,2.03548e+06,6560.7,4315.1,686.6,719.3,55963
500220,531610,963.538,999349,1.03597e+06,20124.1,18982.9,2.18751e+06,2.00513e+06,5377.3,3543.7,643.6,657.8,56049
491170,534437,941.107,1.19945e+06,1.23741e+06,40045.2,39223.1,2.65224e+06,2.46112e+06,6509.3,4192.1,653.9,587.9,56122
511347,545429,960.022,1.43376e+06,1.4992e+06,35477.4,34945.3,2.87755e+06,2.66031e+06,6735.8,4646,951.7,817.1,56227
491874,520512,967.675,978813,1.0087e+06,14280,13531.5,1.26829e+06,1.14898e+06,6336.4,4237.1,624.5,552.4,56236
498518,527206,968.288,1.19699e+06,1.18678e+06,25137.1,23830.9,1.76847e+06,1.54309e+06,6886.8,4595.8,934.1,636.1,56305
373294,367957,1038.87,2.34181e+06,2.33098e+06,1653.6,1599.6,7489.7,6579.2,6786.7,3972.9,205.5,412.7,56343
488639,522334,957.954,1.08937e+06,1.12948e+06,24594.8,24211.1,2.44745e+06,2.27901e+06,6357.4,4141.6,582.2,537.4,56432
463981,477208,995.633,817076,868126,20729.1,20437.8,1.88715e+06,1.70386e+06,5093.9,3046.2,767.8,780.1,56433
186286,214795,888.096,333412,357073,3957.7,4444.5,16179,17435.1,668.3,570.3,475.2,603,56509
499504,524903,974.463,821760,825508,17386.8,16308.8,1.21766e+06,1.09788e+06,4000.8,3371.1,381.1,768.6,56617
446107,461296,990.3,726894,788544,14139,13687.8,1.01733e+06,949206,5161.4,3389,671.5,616,56622
507290,536425,968.384,1.13866e+06,1.15375e+06,13329.6,13040.8,1.321e+06,1.21101e+06,5537.4,3391.4,423,641.5,56700
454951,462645,1006.98,872440,927928,24313.3,23896.3,2.52416e+06,2.31622e+06,5492,3390.4,624.7,608.3,56824
466740,482946,989.64,1.22676e+06,1.28917e+06,23181.5,22132.6,1.7911e+06,1.63673e+06,6458.5,3845.5,953.3,655.5,57327
523750,552542,970.651,1.45033e+06,1.49794e+06,36115,34999.2,2.84767e+06,2.5533e+06,6532.5,3849,935.3,1030.1,57553
533919,558528,978.88,1.58148e+06,1.67106e+06,32319.9,30211.5,3.43922e+06,3.04301e+06,7029.8,4629.8,842.1,865.8,57613
506532,538745,962.773,1.28552e+06,1.33397e+06,30138.2,28575.2,2.4865e+06,2.25108e+06,5736.1,3841.3,606.5,601.3,57646
450441,461354,999.78,780024,834773,24985.5,24086.7,1.87273e+06,1.72896e+06,6424.6,3985.6,1015.6,745.8,57695
496010,522815,971.51,999604,1.01152e+06,28877.8,27802.7,2.1906e+06,2.00056e+06,6215.9,4157.9,801.7,813.2,57702
500820,532036,963.925,1.1312e+06,1.14629e+06,34759.1,33789.5,2.50378e+06,2.28872e+06,5022.6,3549.7,666.7,544.4,57870
456262,475135,983.34,932155,997054,14377.5,13686,1.1706e+06,1.07115e+06,6902.7,4523.6,760.1,831.7,57985
485098,518382,958.263,1.02753e+06,1.05479e+06,12341.7,11912.2,740729,666699,6273.4,4056.6,995.4,869.6,58303
497689,525440,969.917,1.18088e+06,1.23331e+06,21540.3,20983.8,1.80895e+06,1.64714e+06,5802.2,3597.7,570.4,635.2,58538
449150,471790,974.872,956590,1.00855e+06,19754.4,19551.5,1.5436e+06,1.42626e+06,6917.5,4267.4,1133.7,911.1,58903
486206,511266,973.81,1.02494e+06,1.03859e+06,23697,23291.7,2.14111e+06,1.92442e+06,7059.7,4391.6,746.3,686.6,58992
492942,518255,973.997,993424,1.01161e+06,21084.9,20098.2,2.03577e+06,1.85693e+06,7044.1,4300.1,919.2,914.3,59080
507400,527314,985.331,1.00107e+06,1.05201e+06,19220.6,18095.4,1.74445e+06,1.58681e+06,6393.2,4015.4,827.3,723.2,59757
493226,522242,967.111,992393,1.02982e+06,19827.7,18844.5,1.38978e+06,1.27096e+06,6807.5,4554.5,926.3,748.4,60215
528434,550072,983.733,1.21851e+06,1.2236e+06,36768.3,34367.7,2.76929e+06,2.43632e+06,10359.9,6439.3,1480.2,1198.1,60349
505959,529496,978.481,1.44874e+06,1.51413e+06,24529.3,23868.1,2.04758e+06,1.83903e+06,6416.6,3781.1,890.3,709.7,60676
511574,545925,959.576,1.34489e+06,1.39931e+06,27542.7,26310.9,2.22608e+06,2.01655e+06,5776.4,3848,862.2,856.6,61306
492723,523155,964.437,999290,1.02065e+06,22004.9,21377.6,1.89424e+06,1.73478e+06,7001.6,4322.4,1278.1,976.3,61334
697227,705488,1012.01,1.58395e+06,1.53618e+06,36449.9,32137.9,3.65113e+06,3.06027e+06,11154.5,6667.9,1322,1065.1,61940
524951,559339,961.05,1.45199e+06,1.50931e+06,31719.5,29861.6,2.81262e+06,2.51102e+06,5545.9,3490.3,653.5,667.7,62019
508514,532231,978.381,977885,1.01692e+06,29185.9,27981.8,2.11964e+06,1.91234e+06,5982.7,3995.3,859.8,1037.7,62274
1.08539e+06,1.09778e+06,1012.44,4.6009e+06,4.529e+06,61672.8,56922,5.0309e+06,4.31791e+06,19571.9,12158.8,1740.3,1485.8,62280
624602,641123,997.617,1.23251e+06,1.24954e+06,30978.4,27610.7,3.1744e+06,2.70016e+06,10209.6,6776.2,1342,1477.1,62679
517368,546085,970.16,1.2687e+06,1.31385e+06,21429.1,20575.9,1.56109e+06,1.42866e+06,4748.1,3108.9,613.4,496.7,63055
498703,522980,976.473,1.00083e+06,1.05313e+06,28401.1,27502.2,2.43039e+06,2.22029e+06,6643.5,4011.9,749.9,642.1,63100
503950,523967,984.892,1.01741e+06,1.0589e+06,19444.1,18762.9,1.7508e+06,1.588e+06,6097.9,3916.9,907.2,655.2,63180
446672,467402,978.587,942002,983035,37643.1,36458.8,2.53006e+06,2.28883e+06,6550.1,4137.4,831,701.5,63255
488534,518272,965.242,1.01663e+06,1.02968e+06,27441.7,27099.6,2.25741e+06,2.06962e+06,7311.5,4401.9,905.7,869,63541
475766,494516,985.182,1.22718e+06,1.29793e+06,37690.1,35574.7,3.69416e+06,3.35561e+06,6313.1,3994.7,825,781.4,63590
468256,486966,984.667,1.01268e+06,1.04442e+06,15741,15510.1,1.43808e+06,1.33045e+06,6099.5,3520.4,389.4,512,63662
496742,522179,974.123,1.00151e+06,1.03574e+06,1123.2,1487.2,5869.7,5803.9,6062,3968.4,586.7,798,63674
458707,475463,987.927,919630,973139,30109.5,29206.2,1.99836e+06,1.83657e+06,6791.1,4161.9,961.5,736.6,64100
480893,498541,987.761,1.44781e+06,1.52559e+06,31339.6,29681.2,3.48598e+06,3.09347e+06,6039.1,3487.3,913.3,769.5,64366
448762,461538,995.657,936516,994721,23769.6,23186.3,2.07893e+06,1.91825e+06,5745.9,3667.5,839.4,770,64391
505515,536772,964.377,1.16732e+06,1.19843e+06,35242.7,34451.1,2.42371e+06,2.20426e+06,6265.3,3706.7,683.9,634.8,64447
465161,483259,985.656,851928,903540,18013.2,17038.3,1.9547e+06,1.78116e+06,5861.7,3688.6,601,641.3,64479
520386,520954,1022.89,1.10158e+06,1.12695e+06,17960.9,12835.9,1.27965e+06,1.11358e+06,8716.5,5495.9,932.1,887.4,64604
1.55557e+06,1.24508e+06,1279.36,3.10429e+06,2.54168e+06,99570.5,77673.5,8.38325e+06,5.58274e+06,22481.6,12608.3,2358.5,1494.2,64623
492909,521714,967.465,996654,1.01849e+06,30547.3,29272.1,2.42677e+06,2.19235e+06,6456,4058.7,931.8,659.9,64780
128918,133970,985.392,108650,106516,2443.9,2537.1,2037.6,2276.8,1661.4,1419.3,169.4,389.6,64954
487087,519697,959.747,987236,1.01261e+06,22115.8,20827,1.90102e+06,1.72789e+06,7205.8,4446.3,1031.4,831.8,64974
502701,521733,986.656,1.10221e+06,1.13498e+06,17558.6,16192.6,1.38468e+06,1.22705e+06,4347.2,2973.9,619.5,814.6,65054
504977,529747,976.123,1.02175e+06,1.05815e+06,27639.1,26329.5,2.17799e+06,1.98282e+06,6427.1,4032.8,962,750.4,65170
516733,544194,972.329,1.35487e+06,1.38726e+06,28915.4,27688.6,2.09178e+06,1.86532e+06,5792.5,3716.5,592.8,501.3,65198
484983,509591,974.564,975309,1.01869e+06,26699,26049.2,2.21523e+06,2.02935e+06,6895.1,4055.6,857.2,702.5,65830
514388,538184,978.738,1.13212e+06,1.15081e+06,4364,4772.9,6820.4,6350.3,12659,7844.1,1480.7,1136.2,66517
518222,546044,971.831,1.38435e+06,1.44534e+06,28081.9,26740.9,2.23734e+06,2.01464e+06,6910.5,4367.9,1096.3,790.5,67943
492265,518094,972.96,1.00696e+06,1.03521e+06,24878,23366.4,1.92402e+06,1.76445e+06,7792,4600.2,885.8,1069.9,73198
515454,539478,978.409,1.06387e+06,1.09405e+06,21801,20612.9,1.71115e+06,1.50208e+06,7119.8,4467.3,982.8,692.5,73685
518278,548395,967.769,1.48282e+06,1.51884e+06,28722.1,27291.7,2.45294e+06,2.17815e+06,6353.9,3831.8,871.2,737.8,73866
507479,524300,991.153,790777,803370,14309.1,13645.1,1.44288e+06,1.30362e+06,5349.5,3576.8,994.7,713.8,73966
492854,526408,958.728,1.02091e+06,1.03776e+06,28846.3,27712.2,2.48741e+06,2.26948e+06,5429.5,3418,709.7,778.9,74126
523508,541644,989.72,876523,887211,10957.6,10272.8,1.07457e+06,942475,6692.9,4598.2,909.4,795.2,74178
527942,564442,957.786,1.32879e+06,1.36725e+06,20796.7,20053.3,1.47478e+06,1.34936e+06,9045.8,5478.7,989.5,827.5,74193
453468,464330,1000.05,604903,651201,17233.8,16434.8,1.66708e+06,1.53064e+06,5633.9,3562,901.2,821.7,74404
466208,480602,993.333,1.04255e+06,1.07216e+06,19697.9,19285.4,1.82228e+06,1.6509e+06,6646.8,3968,943.4,753.1,74505
580341,592400,1003.15,1.28694e+06,1.3108e+06,28542.5,27102.2,2.27102e+06,2.04743e+06,12941.7,7311.9,2002.6,1572.1,74520
1.41058e+06,1.0072e+06,1434.1,3.48401e+06,2.88348e+06,5534.4,4023.1,26609.8,18693.8,7885.5,4322.8,884.8,651.4,74537
464869,474888,1002.41,965616,1.02371e+06,16754.8,15607.1,1.67513e+06,1.49106e+06,5844.1,3674.7,629.4,756.7,74558
449204,469745,979.225,998949,1.03475e+06,13427.6,12756.7,1.29311e+06,1.19935e+06,5956.1,3770.2,995.9,703.5,74590
446586,457999,998.498,678021,734322,14257.8,13721.3,1.47932e+06,1.37396e+06,4577.8,2771.4,398.5,484.5,74636
567925,591266,983.58,929728,927189,23153.6,21417.8,1.84282e+06,1.63502e+06,4403.4,3065.1,696.4,654.7,74693
449807,465402,989.69,979105,1.01483e+06,21020.8,20326.9,1.54851e+06,1.42728e+06,6945.2,4526.4,955.8,668,74730
482769,499681,989.342,1.24856e+06,1.30402e+06,23217.6,22212.2,2.36722e+06,2.09936e+06,7403.1,4119.2,822.6,639.5,74749
507728,521236,997.469,282571,290750,2775,3006.7,241698,203782,1623.7,1297.5,290.6,542.7,74802
503718,537137,960.292,1.30319e+06,1.3545e+06,27973.7,27466,2.51978e+06,2.32671e+06,6409.8,4455.6,586.7,604,74840
459436,471735,997.316,996725,1.0672e+06,35394,34231.3,2.68105e+06,2.44733e+06,4794,2876.2,895.7,629.7,74944
509806,532021,981.25,1.02869e+06,984976,23167,21415.5,2.23278e+06,1.91335e+06,5962,4193,742.1,615.5,74946
499553,524628,975.065,1.06786e+06,1.10537e+06,21532.3,20995.4,1.76999e+06,1.61324e+06,4658,3184.5,644.5,618.5,75021
689500,678831,1040.1,1.28105e+06,1.17357e+06,28896.1,23094.3,3.19398e+06,2.48203e+06,10378.9,6934.9,1292.5,1020.7,75070
2.39729e+06,1.45144e+06,1691.3,465722,355303,4882.2,3981.2,244125,202057,1697.4,1236.2,358.6,366.4,75111
458051,481812,973.509,608185,589466,15883.1,14392.2,1.04671e+06,919299,2621.7,2411.5,380.1,456.4,75131
458754,462041,1016.72,597488,625836,17394.7,16299.5,1.53477e+06,1.3679e+06,5843.8,3595.6,776.7,646.2,75179
514052,521312,1009.74,88387.9,88467.9,1115.6,1212.4,132808,118814,-110.7,496.8,-110.3,535.5,75184
451087,473887,974.746,1.22428e+06,1.30104e+06,20520.3,20328.7,1.80563e+06,1.6882e+06,6089.7,3912.6,934.3,744.6,75198
513614,528738,994.712,529104,546076,9038.9,8268.3,806039,716406,1761,1489.8,319,420.9,75224
509792,563245,926.827,1.21948e+06,1.26703e+06,31728,30599.3,2.75845e+06,2.4976e+06,5875.2,3958.4,647.8,815,75362
1.29358e+06,781232,1695.58,1.38912e+06,1.07479e+06,4255.9,2993.9,13793.7,9425.3,4644,2595.3,924.7,561.6,75393
476732,524537,930.676,891381,937564,29589.3,28745,2.44421e+06,2.29441e+06,6779.3,4555.9,802.6,920.1,75468
444284,463157,982.283,806080,861708,18946.7,18278.1,2.10090e+06,1.92942e+06,4363.1,2891.4,746.3,586.5,75479
366790,348673,1077.21,737035,773463,16037.3,15262.9,1.34225e+06,1.21304e+06,4174.9,2646,616.3,685,75511
431215,438525,1006.94,604006,644281,22156.5,21769.4,1.61109e+06,1.48817e+06,4759.1,2869.1,798.9,692.5,75552
448433,468256,980.666,1.17356e+06,1.24083e+06,40529.7,40340,2.97488e+06,2.7803e+06,5779.5,3673.9,675,731.9,75555
495274,535312,947.424,1.0344e+06,1.04331e+06,23606.4,22989.6,1.59112e+06,1.4706e+06,5699.5,4077.4,350.4,587.1,75590
1.07469e+06,926765,1187.45,7.18196e+06,5.57585e+06,34364.1,30930.7,152383,138794,25879.9,14287.9,1554.7,1374.6,75599
483856,511015,969.59,1.03133e+06,1.06976e+06,14598.6,14173.2,1.47002e+06,1.36646e+06,7514.1,4850.8,629.4,823.8,75666
764890,791441,989.648,3.38477e+06,3.53077e+06,74307.4,71685.9,5.15254e+06,4.5613e+06,11201.5,6782,1424.8,880.5,75811
421818,423339,1020.33,394609,402389,11232.4,10770.6,1.19813e+06,1.09662e+06,3964.2,2775.2,238.7,422.4,75862
415833,422763,1007.22,1.07606e+06,1.13001e+06,35043.8,32087.6,2.68052e+06,2.35972e+06,8330.8,4729.1,1115.6,850.3,75873
1.83236e+06,592478,3166.96,1.07441e+07,4.14265e+06,5582.9,2037.6,29720.2,9519.7,22812.1,7619,776.7,517,75885
451602,457864,1009.99,630591,671414,18393.9,18096.1,1.5904e+06,1.47528e+06,4018.6,2707.1,654.8,698.6,75886
261785,276144,970.752,64456.8,63175.5,56,500.1,1049,1657.9,104.9,513.1,-20.7,346.6,75888
416104,416289,1023.55,930298,975931,23289,22138.1,2.50231e+06,2.25966e+06,4942.7,2941.7,807.4,511.9,75984
507545,521237,997.109,467587,480088,9492.4,8586.7,862719,763582,2814.4,1817.5,333.4,579.7,76098
498018,521872,977.207,1.02143e+06,1.06404e+06,21357.5,20607.6,1.84319e+06,1.67749e+06,7038.4,4445.7,1034.4,686.2,76119
504144,535469,964.105,1.18912e+06,1.20889e+06,27646.1,27410.3,2.62105e+06,2.39077e+06,6710.5,3969.7,759.3,678,76198
489034,522233,958.904,1.06581e+06,1.11111e+06,14833.2,14109.9,1.76108e+06,1.65052e+06,7464.3,4804.8,786.7,887.9,76262
456096,468846,996.166,1.14332e+06,1.22194e+06,12309.4,11841.1,988309,908338,5699.5,3518.9,614.2,540.6,76402
462724,466655,1015.39,1.03988e+06,1.0892e+06,23097.6,21529.8,2.18706e+06,1.92102e+06,8764.3,5134.5,1220.9,897.3,76437
492314,506031,996.255,1.20773e+06,1.28005e+06,28700,27570.4,2.4358e+06,2.17157e+06,5647.3,3708.4,743.2,444.1,76463
506984,533416,973.273,1.13376e+06,1.16957e+06,20648.5,19582.7,2.10372e+06,1.92422e+06,5927.4,3939.7,499.3,734.4,76512
510362,536492,974.133,1.33644e+06,1.37034e+06,31377.5,30692.4,2.7022e+06,2.44742e+06,5290.3,3691.2,655.7,637.8,76569
512907,542237,968.619,1.21748e+06,1.26714e+06,18740.8,18197.4,1.63391e+06,1.48802e+06,5343,3615.1,610.6,480.4,76621
436257,455573,980.593,962945,1.0065e+06,27469.3,26544.1,2.01708e+06,1.87453e+06,6390.7,3860.1,892.9,704.4,76698
493041,527206,957.651,1.02109e+06,1.03432e+06,17731.1,17051.5,1.42007e+06,1.3002e+06,6668,4543.1,811.4,631.9,76921
458183,467745,1003.07,724941,785259,14216.9,13668.5,1.04682e+06,961417,5003.6,3334.4,509.5,722.3,77058
477573,506734,965.081,1.45021e+06,1.51026e+06,21559.9,20874.5,1.70109e+06,1.5429e+06,8055,4988.6,1219.9,866.5,77083
768439,761885,1032.81,1.70003e+06,1.66115e+06,46282.5,39121.9,4.0993e+06,3.31959e+06,11620.6,7414.5,1228.3,1127.5,77194
510414,529904,986.35,684854,695407,15799.2,15368.5,1.37325e+06,1.23604e+06,4800.9,3211.3,397,649.4,77196
490673,528026,951.564,1.14722e+06,1.15957e+06,22990.7,21120.4,2.45885e+06,2.19919e+06,8225.3,5198.9,1149.7,1162.6,77297
510314,524835,995.673,752169,759037,16186.1,15658,1.12778e+06,1.02711e+06,5560.5,3767.6,488.5,640.5,77342
501680,524880,978.739,1.04296e+06,1.075e+06,15675.2,15307.1,1.55825e+06,1.44228e+06,7805,4917,998.1,818.8,77571
512801,541022,970.596,1.2113e+06,1.24029e+06,19228.8,18610.2,2.20515e+06,2.02378e+06,7200.1,4747.2,998.9,696.7,77661
498059,519709,981.351,813803,851734,20058,19442.4,1.7211e+06,1.57912e+06,6054.7,3856.4,982,807.3,77737
303783,336349,924.868,643626,667933,983.6,1038.6,3039.4,3657,1105.9,1201.9,19.2,388.3,77791
486049,521329,954.703,1.0316e+06,1.05136e+06,30685.4,29928.5,2.20982e+06,2.04839e+06,8102.1,5010.8,1270,957.7,77877
513532,526068,999.606,710524,729559,25539.1,24451.6,1.92567e+06,1.76382e+06,4909.4,3092.4,550.8,570.7,78219
473192,514922,941.017,993870,1.02141e+06,22502.6,21536.2,2.16573e+06,1.98077e+06,7506.4,4886.6,884.1,812.7,78220
923660,882017,1072.35,1.60787e+06,1.54323e+06,46636.5,41208.3,4.2855e+06,3.53719e+06,12321.1,7902,1854,1200.4,78247
131284,138930,967.662,157152,171120,226,563.4,384.6,817.7,361,342.6,271.1,518.6,78271
1.03644e+06,1.0473e+06,1013.39,1.96762e+06,2.00997e+06,45678,42187.5,3.90806e+06,3.43359e+06,11429.2,6957.6,1629.4,1111.5,78379
511540,552208,948.585,1.39107e+06,1.42761e+06,44416.8,43597.8,3.45774e+06,3.15106e+06,5621.2,3594.7,793.5,695.7,78393
681055,680814,1024.37,1.56043e+06,1.56953e+06,26505.4,24206.1,2.29304e+06,1.98557e+06,10963.4,6757.3,1531.6,1171,78503
455170,469986,991.721,875693,934140,17036.5,16283.5,1.4471e+06,1.32989e+06,5456.9,3208.7,592.4,695.9,78616
456824,469429,996.513,927084,987259,18411.7,17948.2,2.08643e+06,1.93013e+06,5541.3,3455.8,453.2,575.4,78832
484799,501990,988.943,1.38924e+06,1.43755e+06,44119.3,42707.4,3.08777e+06,2.76161e+06,6269.3,3812.5,844.6,730.3,78839
442878,456022,994.497,843359,892609,14480.4,13519.3,1.03459e+06,951607,6794.7,4305.2,1340,1009.2,78907
490098,522720,960.108,990542,1.02332e+06,33885.9,31784.8,2.62344e+06,2.36981e+06,5626.7,3861,552.5,603,78916
458377,464870,1009.71,925367,985377,18946.3,18277.6,1.27408e+06,1.16933e+06,5415.7,3355.3,665.6,845.8,79094
456462,473040,988.113,1.13641e+06,1.1867e+06,24672.1,24071.4,2.32086e+06,2.14491e+06,6392.1,3722.1,1031.6,754.3,79196
471412,490434,984.286,1.0408e+06,1.05887e+06,30951.4,28873.6,2.57424e+06,2.27306e+06,7804.1,4347.5,995.8,896.5,79342
722750,596282,1241.19,1.52394e+06,1.29398e+06,2292.8,2010.8,15237.2,12325.1,3451.8,2040.5,171.1,514.9,79356
332182,361363,941.317,285555,305820,11921.3,12665.1,12289.5,12382,8671.4,5633.9,1028.3,955.5,79515
466427,478455,998.27,1.25753e+06,1.30439e+06,2052.2,2269.7,6469.4,5993.9,2253.1,1675.3,-21.3,474.2,79568
285131,331961,879.546,598656,611002,4981.5,5360.3,4236.9,4020.4,1807.4,1307.9,7.6,430.2,79591
1.445e+06,558668,2648.61,2.89893e+06,1.5745e+06,3976,1939,10589.2,4305,7730.7,3477.8,1000.6,719.7,79676
444910,465118,979.522,963721,1.0171e+06,16498.4,15600.8,1.48255e+06,1.36561e+06,6354.6,3586.2,1006.8,714.5,79703
1.01825e+06,634301,1643.86,6.67739e+06,4.35026e+06,3592.9,2423.4,15580.4,9882.8,14211.9,7383.6,311.1,408.2,79970
496324,527943,962.682,985812,1.01839e+06,17005.9,16824,1.70401e+06,1.5576e+06,7249.1,4322.7,846.1,775.1,80821
505532,534200,969.045,1.37049e+06,1.42042e+06,22177.8,20747.7,1.81458e+06,1.60226e+06,6197.1,3968.1,448.7,785.8,80833
552636,581705,972.83,1.14039e+06,1.18821e+06,32617.9,31009,2.83753e+06,2.58015e+06,7462.4,4570.2,1027.8,808.9,81537
503612,528476,975.829,1.05358e+06,1.07859e+06,24784,22840.9,2.50368e+06,2.21113e+06,7500.3,4735.3,1057.4,830.8,81587
480681,501062,982.359,1.10498e+06,1.16216e+06,33780.3,32926.1,2.41425e+06,2.21867e+06,6049.4,3461.3,566.8,620.2,81797
485903,505301,984.697,1.04517e+06,1.1074e+06,11544,10913.8,1.24428e+06,1.1385e+06,6189.4,4191.9,504.5,826.8,85009
504747,529638,975.886,1.10859e+06,1.16747e+06,19957.6,18857.7,2.02999e+06,1.85779e+06,6985.8,4318.6,1010.2,929.5,86517
470965,490936,982.358,886566,942434,30595.6,29647.2,2.20604e+06,2.00293e+06,5652,4131,742.8,644.6,146720
454621,469269,992.047,986049,1.05702e+06,21972.8,20940.7,2.01751e+06,1.85832e+06,6159.8,3490.6,649,552.2,147375
509071,528381,986.587,988415,1.02683e+06,34600.2,32830.4,3.1682e+06,2.89247e+06,7392.1,4703.4,1080,885.7,147494
483996,516457,959.638,969446,998312,37278.3,36354.9,2.61846e+06,2.4083e+06,8114.1,4731.7,1038.4,1035.5,148249
481065,497326,990.53,1.27968e+06,1.35782e+06,15091.7,14392.6,1.47696e+06,1.30745e+06,5914.1,3797,574.1,491.5,148479
487669,506683,985.579,1.23999e+06,1.31045e+06,25426,24307.8,2.50135e+06,2.26907e+06,5549.5,3154.4,804.4,546.6,148696
500152,528568,968.963,985118,1.01301e+06,15836.3,15653.3,1.39219e+06,1.26965e+06,6479,4304.5,808.7,771.7,149290
488265,501762,996.457,1.31664e+06,1.39225e+06,40671.8,39143.4,2.7794e+06,2.49252e+06,5707.1,3779.5,667.6,630.4,149516
157030,182345,881.837,79972.2,86354.8,590.2,780.1,424.1,1008.3,464.2,587.4,210.9,422.2,149785
478824,495690,989.16,1.0603e+06,1.1227e+06,20659.6,20125.4,1.72051e+06,1.51928e+06,7865.1,5165.7,920.6,960.7,149835
472399,494522,978.194,1.1306e+06,1.20527e+06,14934.6,14436.1,1.502e+06,1.37503e+06,5450.2,3938.8,648.8,654,149968
468302,487248,984.183,1.42647e+06,1.51894e+06,22584.3,21675.6,2.27738e+06,2.04444e+06,5489.7,3457.4,920.9,767.6,150082
476633,501656,972.937,921900,976783,34080,32658.4,2.48221e+06,2.25663e+06,5785.1,3734.1,798.6,927.4,150289
518501,553243,959.699,1.49778e+06,1.5282e+06,43061.9,40965.6,3.31905e+06,2.93955e+06,6479,4033.6,966.3,981.8,150393
516718,535898,987.354,1.29441e+06,1.35581e+06,36147.1,35318.4,2.23133e+06,2.02367e+06,5921.4,3763.2,1124.1,713,150672
480478,500270,983.499,1.30214e+06,1.3784e+06,41911.7,39478.8,3.38017e+06,3.01682e+06,5665.2,3402.9,635.5,631.2,150693
522134,541254,987.837,1.23386e+06,1.27656e+06,32934,31680.9,2.19676e+06,1.99537e+06,5310.5,3336.8,546.7,735.5,151024
545311,552654,1010.4,1.43719e+06,1.49719e+06,31866.8,30257.1,2.83769e+06,2.53334e+06,5267.9,3726.3,833.9,776.4,151068
446942,460228,994.446,821594,881361,18614.3,18136.1,1.57873e+06,1.44563e+06,6983.2,4021.4,848.7,776.6,151088
501951,528863,971.904,1.44682e+06,1.47522e+06,33265.7,32181.3,2.62792e+06,2.33764e+06,6155.7,3778.8,865.2,932.7,151112
509388,527956,987.993,1.44437e+06,1.49265e+06,43304.9,40839.6,3.55881e+06,3.18884e+06,5778.8,4072,622.7,589.5,151190
448039,462663,991.646,1.02026e+06,1.06384e+06,22114.3,21420.1,2.12602e+06,1.96967e+06,6692.9,4051.7,920.3,605.6,151334
481028,507528,970.547,1.10962e+06,1.14827e+06,24390.8,23606.7,2.44761e+06,2.24457e+06,5646.2,3753.8,707,883,151344
449060,463857,991.336,1.00115e+06,1.04681e+06,30092.7,29088.1,2.55007e+06,2.36983e+06,6664.6,3844.9,847.8,859.7,151451
537034,570610,963.747,1.48028e+06,1.50094e+06,44698.6,42661.8,3.12572e+06,2.77413e+06,6205.4,3757.7,969.1,780.1,151457
498390,520446,980.615,1.23353e+06,1.3123e+06,26270.5,25351.1,2.30999e+06,2.10443e+06,5688.2,3525.7,904.1,663.5,151525
844353,736887,1173.35,1.88176e+06,1.66086e+06,46847.7,39109.7,3.19907e+06,2.54505e+06,13662.8,7822.4,1761.8,1143.9,151740
515080,539222,978.164,1.26404e+06,1.3041e+06,39987.6,38336.4,3.06526e+06,2.77674e+06,5200.7,3566.3,501.3,808.1,152160
459963,484174,972.807,913036,977490,15134.8,14900.4,1.0197e+06,927340,5930.3,3718.7,882.4,837,152187
761465,752791,1035.81,1.5874e+06,1.59785e+06,47674.5,42401.6,3.52035e+06,2.96857e+06,11229,6856.4,1430.3,942,152343
499330,524545,974.776,1.09699e+06,1.1064e+06,25833.7,23363.4,2.51715e+06,2.21199e+06,8895.4,5580.2,1019.1,832.4,152755
875656,759224,1181.04,2.23558e+06,1.94824e+06,40064.3,33510.5,3.57986e+06,2.85679e+06,11003.4,6299.1,1345.8,1061,153004
235543,269489,895.014,357938,382952,1016.1,1208.3,2482.7,2878.5,1205.8,1114.8,64.1,407.3,153457
509657,527267,989.805,1.11792e+06,1.16351e+06,25205.5,24375.7,2.17051e+06,1.97782e+06,5398.8,3612.9,956,698.2,153786
462952,482498,982.522,963531,1.01937e+06,20917.8,20503.9,1.84062e+06,1.70628e+06,6400,4114.2,656.8,615.8,154212
851089,755895,1152.97,1.95665e+06,1.7778e+06,45764.2,38181.2,4.65779e+06,3.7756e+06,12088,6781.9,1550.9,1060.4,154301
502959,522148,986.374,1.06392e+06,1.11244e+06,27312,26642.6,2.2781e+06,2.07985e+06,5698.5,3541.4,751.1,852.1,155482
560087,560375,1023.49,1.79246e+06,1.80098e+06,20667.5,19793.3,22629.1,21756.6,25624.1,15328.4,2065.5,1467.1,155886
497462,527008,966.604,1.07151e+06,1.08957e+06,13947.8,13367.2,1.27648e+06,1.17291e+06,6458.5,3845.2,677.7,793.5,155887
489585,513224,976.834,959591,1.01247e+06,22743.7,21522.5,2.0104e+06,1.83376e+06,7599.8,4681.4,1213.2,984.2,157920
493036,526814,958.353,872964,888863,9789.2,9178.1,1.10968e+06,1.00659e+06,5891.9,4003.2,828,760.9,161005
516024,547768,964.658,1.40537e+06,1.43052e+06,31013.2,30068.7,2.49985e+06,2.25969e+06,6169.8,4208.4,533.7,797.3,161053
496521,530003,959.315,1.03595e+06,1.06278e+06,33062.5,31524.1,2.72272e+06,2.48801e+06,5931.4,4254,689.8,633.2,161057
498271,518129,984.756,966150,1.00282e+06,21067.9,19800.3,1.98572e+06,1.80783e+06,6140.7,4004.8,1008.4,729.5,161067
509070,540911,963.734,970492,1.00076e+06,18857.4,18186.9,1.54293e+06,1.40869e+06,4942,3095.2,492.9,548.6,161123
511140,531041,985.628,766128,767509,10160.3,9575.7,1.14307e+06,1.01318e+06,4405.5,3554.1,477.3,734.9,161135
497757,527258,966.709,965970,981224,29580.6,28385.2,2.24832e+06,2.03491e+06,6034.2,3864.9,709,729,161168
503893,531408,970.994,828718,836211,22617.2,20973.7,1.64208e+06,1.45509e+06,4541,2772.9,552.9,732.1,161236
169070,196914,879.213,389204,405505,905.5,1215.5,2869.8,2565,1307.7,1116.7,52.5,428.9,161321
498779,529007,965.499,942686,967898,10257.4,9814.9,1.03301e+06,932935,5655.6,3567.5,693.3,519.1,161326
529939,546120,993.66,802266,806055,13771.7,12648.3,1.12286e+06,975006,2191,1558.7,206.7,397.9,161376
472141,486068,994.667,1.1925e+06,1.2812e+06,33891.7,32536.9,2.73519e+06,2.46303e+06,4934.8,3227.8,704,535,161381
493788,533852,947.158,1.22737e+06,1.2843e+06,27812.1,27281.5,2.71736e+06,2.52675e+06,6357.2,4411.8,916.4,753.8,161554
501380,531293,966.356,877985,874199,16318.3,15755.6,1.7679e+06,1.59331e+06,4950.9,3351.2,470.9,653.9,161576
501853,532786,964.55,1.05939e+06,1.08492e+06,18182.6,16681.3,1.60861e+06,1.43068e+06,5880.3,3580.9,908.8,904.2,161607
1.3339e+07,1.93438e+06,7061.28,5.30827e+07,5.66394e+06,56494.5,9696.1,156117,28882.4,245421,48857.6,11799.9,2679,161623
504755,523211,987.885,379117,388692,6588.2,6188.3,510919,458693,1898.7,1241.2,79.2,398.5,161707
507231,534350,972.041,1.04834e+06,1.04814e+06,13122.6,12279.9,1.16697e+06,1.03826e+06,4531.4,3316.3,471.1,590.5,161712
452337,457925,1011.51,668990,726957,24289.1,23232,2.30547e+06,2.06757e+06,4914.7,3307.9,848.4,745.9,161818
272063,316069,881.443,449673,480083,847.5,1054.4,3876.5,3761.3,1232,1153.5,-66.4,388.7,161838
494424,512102,988.662,1.36799e+06,1.4427e+06,19907.2,19469.3,1.49311e+06,1.34843e+06,5969.8,3932.8,679.3,584.2,161878
514107,530633,992.109,449605,472274,6176,5682.9,737596,662726,1915,1517.1,401.7,642.5,161904
662800,670434,1012.34,349858,369413,8990.7,8125.9,865363,758516,2884.5,2048.9,261.1,457.7,161965
442710,450074,1007.25,439035,473749,9508.2,9514.7,981773,910291,4371,2969.3,607.5,551.8,161987
495546,529750,957.894,938736,934897,18706,17558,1.78259e+06,1.56668e+06,4636.5,3415.9,723.7,756.4,161990
714301,699309,1045.96,1.46702e+06,1.50554e+06,38852.9,35451,2.80761e+06,2.45361e+06,14181.5,8604,1854.2,1277.5,162125
821342,657559,1279.07,1.92935e+06,1.56959e+06,64942,49829.4,4.79316e+06,3.5947e+06,13042.5,7027.4,1590.5,1189.8,162234
438140,446585,1004.64,953344,987947,31952.5,31608.2,2.55993e+06,2.37089e+06,5952.8,3404,705.9,548.5,162238
759938,775088,1003.98,1.61986e+06,1.593e+06,38086.3,34302.6,3.37423e+06,2.90746e+06,12345.3,8139.8,1206.2,1006,162305
505727,532695,972.171,1.2573e+06,1.31316e+06,15346.8,15059.6,1.32446e+06,1.22818e+06,7035.6,4553.2,742.5,610,162359
125063,143973,889.531,273746,291741,1461.4,1438.6,-217,878.3,1053.2,1023.7,107.6,422.7,162415
479751,512696,958.212,907678,901308,21780,20156.2,2.19544e+06,1.91023e+06,6415.5,4229.3,895.8,722.6,162465
460052,483310,974.735,1.09126e+06,1.14846e+06,18786.8,18192.6,1.8549e+06,1.73762e+06,6528.2,3911.1,714.1,660.2,162522
529978,541118,1002.93,166951,167533,4110.5,3957.5,314029,277610,592,791.1,351,405.7,162525
435626,440237,1013.29,95960.4,95474.5,5582.8,5129.6,480108,424979,830.4,729.7,127.5,601.9,162536
503716,516654,998.369,314713,321493,5460.7,5650.1,459751,412512,1362.3,1017.3,40.5,486.1,162570
910353,788588,1182.12,1.7169e+06,1.42356e+06,41389,33458.6,2.81028e+06,2.17154e+06,11600.6,7548.4,1345.9,914.8,162589
527007,533176,1012.15,333158,336642,5839.9,5538.7,519854,460247,1084.5,1058.3,52,478,162639
479460,514323,954.594,884746,948148,15196.4,14728.4,1.27865e+06,1.20195e+06,8040.8,5286.5,860.4,675.8,162647
515801,526821,1002.59,298484,311926,5940.6,6019.5,502675,454864,1167.1,1017.9,55.1,429.9,162749
463323,494256,959.911,1.32261e+06,1.42128e+06,29378.9,28667.5,2.40965e+06,2.20053e+06,6603.6,4208,505.3,601.6,162778
578993,626176,946.841,1.30434e+06,1.33818e+06,19403.5,18154.2,2.09591e+06,1.89135e+06,8149.7,4861.2,962.5,859,162779
506562,526126,985.933,255261,264455,3792.1,3367.8,432822,389039,1214.3,1069.9,290,469.4,162821
505385,527852,980.422,1.18709e+06,1.19643e+06,28704,26852.7,2.66607e+06,2.35119e+06,6376.4,4028.5,580.1,493.2,162862
488241,515457,969.933,773783,765675,12408,11675.8,982748,870788,4730.3,3364.8,461.2,504,162911
2.85591e+06,1.78742e+06,1636.13,4.61981e+06,3.31946e+06,4604.9,3178,25729.1,12800.7,10339.4,5452.8,744.6,516,162971
531149,569794,954.552,1.41126e+06,1.46866e+06,38581.3,37274.8,3.00165e+06,2.71321e+06,6601.7,4372.5,709,820.5,163010
489778,530566,945.287,980201,1.02599e+06,21056.4,20631.2,1.92262e+06,1.80908e+06,6668.6,4201,1001.5,870.1,163013
444574,460341,988.937,1.14174e+06,1.19671e+06,27641,26006.5,2.53122e+06,2.26403e+06,9701.2,5699.5,1208.6,1103.7,163049
841500,620408,1388.94,1.2626e+06,972991,25013.2,19514.5,2.31179e+06,1.72624e+06,9215.9,5515.9,1340.5,1081.2,163160
459493,464826,1012.25,337175,350878,12478.2,11472.2,1.09607e+06,955808,3897,2564.3,439.8,592,163188
494301,537244,942.156,1.28528e+06,1.31912e+06,11324.9,10489.2,1.19688e+06,1.10035e+06,5300.5,3637.6,583.5,590.1,163253
536414,559085,982.484,1.00195e+06,978559,11348.4,10224,1.1883e+06,1.02498e+06,3071.7,2346.8,570.9,443.1,163275
456676,469010,997.075,814901,874156,29018.9,28441.5,2.15813e+06,2.00634e+06,5466,3519,926.4,873.6,163297
488478,529842,944.061,1.02117e+06,1.04309e+06,29209.6,28502.4,2.50782e+06,2.32125e+06,6515.6,4460.9,1310.8,852.5,163447
518204,555619,955.049,1.32438e+06,1.36795e+06,32293.2,30836.2,2.89501e+06,2.59394e+06,6083,4000.1,910.2,561.9,163463
499697,527835,969.418,675822,665771,10658.4,10295.8,747926,661609,2788.5,2315.9,299.9,501.5,163604
496778,537130,947.075,1.03387e+06,1.04589e+06,27429.7,26414.6,1.88656e+06,1.74421e+06,6324.2,4254.6,802.5,758.7,163636
460455,484359,973.476,968176,1.02794e+06,2049.3,2212.5,78069.1,71783.2,6796.9,4278.7,900.8,576.9,163657
499536,522386,979.211,809256,814517,22071,20428.4,1.65859e+06,1.48556e+06,4526.6,3019.3,378.5,531.6,163698
480641,491035,1002.33,406729,418664,13097.6,12525.9,1.28305e+06,1.14471e+06,3572.2,2372.6,319,667.3,163721
495456,530652,956.088,1.00756e+06,1.00362e+06,21371.5,20320.7,1.92542e+06,1.72482e+06,5575,3723.2,768.2,731.4,163738
502558,536857,958.578,978272,991736,11667.5,11123.2,965844,876277,6135.8,4276,621.3,741.4,163792
533789,559546,976.866,1.15837e+06,1.16779e+06,25023.9,23504.2,2.15213e+06,1.88353e+06,4032.6,2705.3,674.4,573.2,163806
531294,570152,954.21,1.41982e+06,1.42478e+06,37796.7,37148.3,2.50256e+06,2.22462e+06,6031.7,3850.4,932.1,888.5,163874
471437,483861,997.716,851146,904542,28742.6,28508.5,2.32107e+06,2.13974e+06,6209.6,3795.1,663.4,774.6,163970
491816,527753,954.271,1.05186e+06,1.09421e+06,39602.3,38689.7,2.63682e+06,2.46165e+06,6508,3967.5,864.7,725.8,163990
747555,703954,1087.43,623320,649438,29394.8,25985.9,2.20512e+06,1.89814e+06,9313.2,6052.8,1059.9,1020.8,164015
441502,460370,982.035,1.15052e+06,1.22124e+06,22415.9,22160.7,1.64472e+06,1.53591e+06,6520.8,3910.9,648.6,770.4,164040
454248,460312,1010.51,417594,443921,18474.5,18373.7,1.38191e+06,1.28536e+06,4196.5,2819.1,657.3,606.5,164126
448643,455116,1009.44,578326,620332,22763.7,21853,1.62809e+06,1.48442e+06,4602.7,2898.1,593,497.8,164141
135685,153375,905.935,120450,129852,2544.8,2883.8,1977.9,2094.8,2272,1655.7,60,498,164159
436150,452313,987.408,1.06633e+06,1.10943e+06,21577.5,20892.6,2.65118e+06,2.4468e+06,6160.1,3919.1,522.8,508.1,164182
472094,480627,1005.83,1.07553e+06,1.13381e+06,26206.5,24631.8,2.54504e+06,2.25565e+06,7986.6,4663.3,1014.1,1008.1,164258
503601,529128,974.598,966097,999532,8758.3,8097.4,937141,841787,5452.4,3663.7,696.5,767.5,164322
491621,524476,959.859,1.01165e+06,1.0416e+06,17260.5,17038.2,1.37736e+06,1.23753e+06,4798,3172.3,511.4,548.7,164363
437354,444060,1008.55,739557,792028,27453.5,26229.1,1.95728e+06,1.79723e+06,6366.6,3668.6,797.3,864.1,164395
504841,538448,960.086,1.07649e+06,1.10265e+06,21431.5,20606.6,1.57953e+06,1.45378e+06,5986.2,3480.5,648.7,664.9,164426
493506,524722,963.084,1.0193e+06,1.03269e+06,24733.2,23792.1,2.35677e+06,2.15723e+06,6653,4348.6,855.9,840.1,164439
476853,495295,985.885,1.51266e+06,1.59669e+06,31380.4,30185.9,3.07594e+06,2.8023e+06,6605.3,3933.8,854.3,885.1,164490
529522,555168,976.697,874181,876399,19923,19237.3,1.70376e+06,1.51591e+06,3575.2,2609.2,378.4,373.4,164523
517502,527012,1005.53,400382,422972,3943.5,4024.6,372859,335070,2218.5,1655.3,250.4,381,164523
429468,443050,992.612,1.06884e+06,1.11998e+06,18642.8,17838.1,1.36744e+06,1.25407e+06,5943.6,3488.5,511.4,710.4,164558
516920,539203,981.686,776585,760598,17349.2,15685.3,1.30496e+06,1.14222e+06,2066.8,1741.5,447.9,759.2,164566
501382,530680,967.48,817822,816034,17600.6,16772.1,1.70257e+06,1.51515e+06,3711.9,2947.7,553.7,665.5,164613
494486,522742,968.658,1.10208e+06,1.16657e+06,26296.2,25413.7,2.46703e+06,2.25446e+06,5638,3507.9,571.4,591.3,164634
778031,765902,1040.22,1.04549e+06,995866,27209.4,23690.5,2.32929e+06,1.94685e+06,6732.8,4292.4,926.1,1005.3,164642
468239,493845,970.915,976965,1.02792e+06,20551.8,20297.7,2.12208e+06,1.97245e+06,7399.6,4843.5,854.8,705.8,164655
519872,565209,941.863,1.56375e+06,1.59231e+06,22513.9,20839.9,1.90872e+06,1.71367e+06,6234.2,4217.8,432.2,483.9,164690
457424,471363,993.724,923032,978237,12018.2,11645.4,1.13494e+06,1.04287e+06,6421.9,3848.8,1019.4,701.2,164712
659903,663955,1017.76,1.66357e+06,1.68591e+06,39398.9,35024.8,3.74246e+06,3.18602e+06,14130.4,8508.5,1840.3,1272.4,164770
533224,554304,985.056,979605,980451,26498.7,24891,1.95991e+06,1.71054e+06,2759.6,2070.4,403,464.2,164779
508974,545921,954.698,1.10349e+06,1.11999e+06,24180.2,23559.6,1.53335e+06,1.40216e+06,5589,4014.3,842.5,692.9,164820
514452,534242,986.07,863739,891162,16333.4,15757.9,1.53135e+06,1.4032e+06,5071.8,3085.1,457.3,539.9,164853
438420,452859,991.356,937254,978132,11391.7,10460.4,1.2305e+06,1.1386e+06,7409.1,4275.4,1027.6,820.4,164907
451644,476902,969.778,934500,993969,15799.8,15124.9,1.40779e+06,1.28896e+06,5993.8,3841.5,903.6,638.1,164952
511438,525408,996.787,589484,596321,7527,6932.3,791631,703175,2140.9,1523.6,293.3,506.3,164994
496423,527094,964.425,992615,1.02781e+06,31419.4,30479.4,1.94239e+06,1.7747e+06,6387.1,4281.7,732.4,716.2,165038
485539,521586,953.234,1.02771e+06,1.04622e+06,20426,19461.8,1.47783e+06,1.35097e+06,5970.9,4014.5,633.4,758.9,165051
443830,464749,977.918,940527,981833,31149.2,30462.3,2.09917e+06,1.94644e+06,7447.2,4632.3,932.1,828.6,165137
515456,544905,968.66,1.15834e+06,1.1897e+06,28597.1,26870.2,2.30407e+06,2.0754e+06,4660.2,3244.7,818.1,864.9,165174
496546,531398,956.851,1.09787e+06,1.11982e+06,32122.3,31413.9,2.42999e+06,2.23966e+06,5792.7,4016.6,621.2,595.3,165298
498782,525959,971.1,1.03312e+06,1.06571e+06,22371.7,21659.5,2.05158e+06,1.87283e+06,6478.6,3858.3,777.1,685.5,165352
661146,682436,992.06,1.45685e+06,1.48253e+06,43400,40788.5,3.51934e+06,3.11689e+06,10014.9,6280.6,1226.2,1173.1,165372
534699,544197,1006.14,601709,621052,13481.8,12393.9,1.36498e+06,1.18399e+06,4529.3,3036.9,726,722.4,165382
1.71066e+06,1.17332e+06,1492.96,5.14265e+06,3.44139e+06,120343,75715.1,8.88168e+06,5.42673e+06,23830.8,12658.8,2638.2,1960,165423
185789,207833,915.39,262938,282570,8340.5,8787.2,8961.4,9421.2,5966.5,3680.6,877.7,626.7,165485
455137,468549,994.699,965956,1.02687e+06,12222.3,11704.6,1.27494e+06,1.13752e+06,6252.1,3985.2,715.1,530.6,165524
836198,664141,1289.29,2.37022e+06,1.93529e+06,50794.5,39232.3,3.88574e+06,2.87624e+06,14196.7,7825.8,1520.8,1112.9,165654
495725,539093,941.631,1.19619e+06,1.18557e+06,36336.8,33257.3,3.06704e+06,2.69337e+06,6371.6,3960.4,801.2,789.7,165712
430876,441995,998.245,1.18784e+06,1.25003e+06,25523.8,24814.6,1.76136e+06,1.60454e+06,5663.5,3292.3,828.9,739.4,165724
547322,582265,962.549,1.26178e+06,1.31472e+06,25920.5,24973.5,2.2017e+06,2.04044e+06,9645.8,5984.1,911,1038.6,165908
465312,485075,982.287,898266,950132,24353.5,23229.3,1.85948e+06,1.693e+06,6252.6,3901.9,906.1,736.6,165918
508424,524733,992.182,764476,778271,11932.1,11705.1,1.12492e+06,1.02597e+06,4718,3168.8,833.4,735.3,165922
521205,555307,961.12,1.15801e+06,1.17344e+06,30643.3,29017.6,2.64913e+06,2.34159e+06,4002.4,2808.6,400.3,593.7,165926
478541,487944,1004.28,850803,921142,25594.4,24935.3,1.84247e+06,1.68631e+06,4143.8,2776.9,833.3,686.8,165980
526310,560173,962.107,1.01636e+06,1.0079e+06,14159.2,12992.4,1.14289e+06,1.00734e+06,2889.4,2072.7,418.6,487.5,165981
527836,555060,973.781,844228,820866,14962.6,13671.5,1.24149e+06,1.07558e+06,1997.6,2093,138.8,423.1,165984
503000,526151,978.955,680258,673534,8430.4,7970.9,655179,588479,2775.2,2125,663.5,598.4,166016
536665,558825,983.394,360915,381987,9603.4,9327.7,740451,655470,1409.6,1462.8,94.7,279.8,166021
493234,530262,952.503,1.01565e+06,1.0376e+06,35774.6,34434,2.48309e+06,2.28902e+06,6689.8,4986,584.7,732.2,166023
505553,524116,987.739,494339,498787,11288.3,10580.9,941317,836676,1860.6,1414.7,286,489.9,166083
509883,522241,999.771,341445,355338,4101.4,3715.1,418821,378492,1648.9,1386.9,260,474.8,166129
548665,567224,990.496,817485,819238,18381.7,17388,1.25747e+06,1.08845e+06,2181.7,2074.7,413.6,698.6,166308
440122,462696,974.04,1.17124e+06,1.22604e+06,21896.2,21592.3,2.13333e+06,1.96735e+06,5938.8,3964.4,914.5,778.6,166324
440548,452523,996.908,412747,437881,12272.2,12067.1,1.18321e+06,1.09649e+06,4307.3,2903.8,550.2,520.7,166338
508034,529640,982.227,754744,743266,9593.9,8730.8,823496,714934,2970.5,2382.8,258.2,449.5,166503
766144,756173,1037.51,1.11158e+06,1.06713e+06,5487.2,4919.7,287354,246696,5409.7,3440,833.9,588.6,166525
531258,571233,952.341,1.02168e+06,984223,9752.2,9811,436455,417757,4474.5,2988.2,428.4,855.3,166593
471022,490655,983.039,1.28178e+06,1.36097e+06,17162.3,16489.2,1.73878e+06,1.57147e+06,5041.8,3238.6,720.3,761.9,166986
488018,514129,971.995,1.05302e+06,1.07955e+06,29926.4,28638.7,2.64691e+06,2.39158e+06,7163.2,4376,1082.3,812.1,167002
524147,547505,980.314,997426,1.00145e+06,22058.5,20799.4,1.8001e+06,1.59518e+06,3318.7,2492.7,712.1,753.9,167012
487757,512636,974.311,1.01294e+06,1.05001e+06,31850.7,31268.1,2.2938e+06,2.13221e+06,7147.4,4597.9,1428.7,943.7,167070
459065,474088,991.551,1.12331e+06,1.19576e+06,22754.5,22314.5,1.74001e+06,1.57171e+06,4786.8,2714.6,557.9,587.8,167076
502965,546206,942.943,1.5743e+06,1.61558e+06,36578.2,35001.1,2.92374e+06,2.63102e+06,6005,3951.3,646.3,901.4,167088
483700,504000,982.755,1.31044e+06,1.38237e+06,19385.8,18353.1,1.99793e+06,1.77652e+06,6315.8,3981.7,912.9,644.8,167103
452491,476139,973.147,972931,1.00033e+06,30475.5,29766,2.62381e+06,2.4086e+06,6557.9,4333.1,592.8,616.9,167113
487341,528134,944.916,1.00588e+06,1.02091e+06,14292.7,13926.4,1.3202e+06,1.21278e+06,6666.1,4424.1,507.2,633.9,167267
521927,544738,981.122,853495,842571,12118.9,11200.9,1.064e+06,914865,4787.4,3282.5,836.7,522.4,167333
485464,509623,975.47,974638,1.00113e+06,17128.8,16459.8,1.3187e+06,1.20626e+06,7890.5,4797.2,1146.8,877.4,167398
486835,526675,946.545,967307,1.00972e+06,26402.4,26231.1,2.06135e+06,1.93611e+06,7705.9,4825.3,866.9,748.9,167475
518836,545973,973.111,765308,764438,14441.6,13274.5,997044,869368,2237.1,1562.3,97.8,456.7,167482
594894,629841,967.184,1.21373e+06,1.2035e+06,25222.8,24168.9,2.21163e+06,1.99875e+06,7785.5,4729,839.9,840.9,167499
462157,471219,1004.31,1.17079e+06,1.23273e+06,23354.1,22242,2.51773e+06,2.29308e+06,5605.6,3278.9,449.4,706.6,167573
445291,463596,983.574,1.03386e+06,1.08959e+06,19224.9,18883.8,1.28198e+06,1.19568e+06,6783.1,4092.9,691.9,702.1,167596
589636,606875,994.915,877968,877788,10657.8,9751,1.04448e+06,887118,2949.4,1839.3,463.1,690.1,167603
493049,525208,961.299,1.06947e+06,1.11082e+06,23139.6,22864.6,1.87165e+06,1.7368e+06,7342.6,4673.1,952.7,921.8,167621
121404,138798,895.709,316915,336706,392.9,647.8,865.7,894.2,939.6,987.2,158.7,308,167641
530230,555352,977.676,1.10342e+06,1.09219e+06,24994.1,23474.5,1.68459e+06,1.46136e+06,3280.9,2220.4,333.8,620.2,167646
1.03596e+06,898484,1180.68,1.38678e+06,1.20549e+06,19988.1,16286,1.81006e+06,1.40105e+06,5202.2,3058.3,501.8,712.2,167671
533212,549852,993.017,657892,674505,13338,12317,907570,798454,2000.2,1717.2,595.8,492.7,167695
456623,470648,993.484,1.02487e+06,1.08894e+06,14622.1,14248.9,1.67489e+06,1.54273e+06,5537,3455.9,698.6,673,167702
451886,468110,988.521,965327,1.02879e+06,12157.8,11411.3,1.22966e+06,1.12765e+06,6024.2,3781.6,971.6,700.3,167740
438652,450816,996.37,976456,1.02612e+06,27141.2,25973.6,2.16319e+06,1.99122e+06,5525.2,3154.2,790.3,771.2,167757
492030,529104,952.263,1.03156e+06,1.0425e+06,34663.6,32924.4,2.58045e+06,2.34293e+06,5779,3840.1,551.8,829.8,167767
662151,682492,993.487,1.34778e+06,1.34597e+06,26028.8,24710,1.85709e+06,1.65384e+06,10456.5,6742.8,1263,895.5,167865
1.58186e+06,778779,2079.96,1.18314e+07,5.62633e+06,10814.1,6313.5,44717.5,22588.8,28434.6,12314.2,1804.2,1130.9,167903
499520,534586,956.833,1.03671e+06,1.07315e+06,28296.5,27266.5,1.8405e+06,1.67878e+06,5070.2,3396,742,617,168067
466980,495388,965.286,1.14282e+06,1.20474e+06,24538.1,25080.6,1.70491e+06,1.60662e+06,6940.8,3992.9,818.2,689,168273
767990,768062,1023.91,1.64499e+06,1.58694e+06,35830.4,31037.1,3.44967e+06,2.83069e+06,10395.7,6537.7,1117.8,893.3,168274
478728,530172,924.646,987560,1.01202e+06,21112.1,20425.6,1.60276e+06,1.47947e+06,6574.8,4622.8,979.4,939.7,168278
493022,513488,983.2,1.05727e+06,1.12448e+06,25489.6,24722.2,2.36101e+06,2.16096e+06,5725.3,3251,843.2,679.5,168296
453764,462675,1004.28,859854,915627,11090.1,10419.1,1.21213e+06,1.11742e+06,6449.8,3924.9,439.9,825.3,168304
519182,538506,987.257,712324,713076,15803.4,15070.3,1.12901e+06,1.01391e+06,3247.2,2312.6,485.7,459,168426
452136,466267,992.971,946199,1.01255e+06,22027.1,21013.3,1.88714e+06,1.73934e+06,5277.1,3417.6,828,823.6,168427
946254,716746,1351.9,2.11068e+06,1.43267e+06,56792.7,40619.7,4.88266e+06,3.32273e+06,11257,3989.8,1285.2,651.3,168490
506259,537840,963.872,987864,1.00405e+06,14056.9,13163.4,1.39105e+06,1.25401e+06,6375,4018.1,694.7,741.4,168716
614383,607843,1035.02,1.2243e+06,1.25716e+06,17796.5,16415.4,1.88903e+06,1.65358e+06,12147.9,6748.5,1194.8,1113.9,168754
535448,565129,970.219,905574,898812,24432.7,23327.4,1.37754e+06,1.19187e+06,4093.4,3002.1,996,676.4,168821
516687,562516,940.578,1.52246e+06,1.57268e+06,18247.3,17759.8,1.85305e+06,1.68485e+06,6013.1,4146.2,756.7,655.2,168880
487376,532758,936.781,1.02145e+06,1.05399e+06,19615.8,19682.6,2.30467e+06,2.14423e+06,6621.3,4390.9,759.7,839.1,168887
512255,551548,951.055,1.17559e+06,1.16946e+06,24852.8,22796.6,2.28788e+06,1.99754e+06,5609.9,3681.4,556.4,631.2,168918
277412,300170,946.368,382794,388020,5284.5,5557.6,6516.4,6612.3,4812.7,3222.1,537,425.2,168936
704196,615800,1170.99,511754,492480,9926.9,8738.2,19601.6,17741.5,63469.9,38352.5,14073.6,8309.7,169041
473718,496213,977.589,946974,1.00029e+06,28042.5,27425.5,2.27572e+06,2.08645e+06,5650.7,3383.8,860.8,819.6,169259
156212,188114,850.348,331439,364435,3622.9,4042.4,14820.2,15895.9,2844.6,1853.5,821.2,759.7,169263
519678,555035,958.773,1.37954e+06,1.40192e+06,33113.2,31282.3,3.0286e+06,2.72284e+06,5539.4,3582.4,378.4,625,169293
482481,507636,973.263,988023,1.02254e+06,28001.4,26249.5,2.66124e+06,2.44725e+06,6812.7,4406.6,1125.3,832.7,169331
425227,468921,928.586,487199,520923,3659.9,3879.8,2244.4,3091.4,3740.2,2578.3,50.1,372.9,169417
518949,549276,967.468,1.2549e+06,1.30984e+06,35820.1,35218.6,2.51317e+06,2.28887e+06,5642.9,3698.5,490.7,622.3,169457
496164,522961,971.53,1.00183e+06,1.04095e+06,16737.6,16080.7,1.1222e+06,1.0177e+06,6800.7,4471.4,1086.8,820.3,169562
461512,474351,996.299,1.32781e+06,1.40497e+06,26185.6,24808,2.61641e+06,2.40844e+06,6804.5,3999.9,795.3,842.3,169690
727250,715720,1040.5,872397,862884,19946.2,17697.6,1.78259e+06,1.47735e+06,7240.1,4580.9,764.7,947.5,169742
457121,483843,967.452,1.04154e+06,1.09225e+06,27878.9,27258.6,2.12009e+06,1.95659e+06,7123.5,4778.6,961.5,822.9,169842
438305,455967,984.35,930659,990295,18472,17734.2,1.35477e+06,1.24733e+06,5422.7,3479.6,640.2,881.4,169894
442672,458461,988.743,1.00517e+06,1.05768e+06,15612.8,14745.7,1.47191e+06,1.36893e+06,8326,4854.6,1140.8,683.2,170097
473445,490914,987.564,1.40031e+06,1.46164e+06,37495.5,36590.9,3.32231e+06,3.0081e+06,5969.9,3747.5,701.5,574.5,170133
463614,471459,1006.97,1.23127e+06,1.29769e+06,25008.3,24175.5,1.82881e+06,1.63713e+06,4969.5,3151.9,886,891.7,170138
485998,519997,957.056,1.02249e+06,1.05655e+06,25429.6,24737.9,1.63986e+06,1.51428e+06,7704.5,5174.1,1047.7,882.5,170147
402538,418398,985.197,1.05067e+06,1.1086e+06,22755.1,22394,1.95887e+06,1.82632e+06,6223.8,3919.7,967.8,730.6,170151
454621,462479,1006.62,645899,705386,24264.2,23382.3,1.95398e+06,1.81774e+06,4829.8,3148.1,741.8,623.1,170181
975107,853921,1169.32,1.7071e+06,1.41223e+06,62564.5,49265.7,3.72312e+06,2.82671e+06,9680.1,5908.5,1058.2,918.7,170209
521740,542017,985.694,1.37645e+06,1.43501e+06,49509.2,48081.8,3.29828e+06,2.9611e+06,5401.1,3585.5,555.5,489.1,170245
774890,761987,1041.34,1.14285e+06,1.09466e+06,21930,19481.6,2.07027e+06,1.77967e+06,6641.8,4370.5,807.2,682,170272
123008,139963,899.965,118452,128224,2780.9,3188.8,2973.7,2518.1,2149.5,1767.1,168.3,410.7,170381
513506,537442,978.398,1.08809e+06,1.13816e+06,18613.6,18074,1.42263e+06,1.29835e+06,5604.2,3966.6,629.9,851,170387
510586,533568,979.893,1.16228e+06,1.1874e+06,27181.4,25651.1,2.88232e+06,2.57283e+06,6643.1,4529.1,777.1,712.1,170540
448811,458298,1002.81,795645,855609,16002.9,15394.9,1.47586e+06,1.35706e+06,5186,3563.2,554.7,545.8,170545
185897,213184,892.928,434967,483165,64.2,405.8,1039.5,1579.6,400,753.4,123.3,387.1,170548
532716,568351,959.806,1.45426e+06,1.46569e+06,16769.5,15513,1.73618e+06,1.53626e+06,6390.8,4283.6,952.1,832.6,170742
468588,485192,988.955,1.4008e+06,1.47777e+06,39196.5,37601.3,3.11661e+06,2.8254e+06,6742.9,3900,903.4,919.7,170855
884364,674627,1342.36,1.76505e+06,1.41691e+06,45203.4,33401.4,3.89469e+06,2.84068e+06,12364.2,6837.9,1301.1,898.8,170927
503130,538625,956.519,1.03681e+06,1.04193e+06,8596,8246.7,851941,790466,5423,3495.1,707.7,824.7,170935
1.02253e+06,1.00305e+06,1043.89,2.36709e+06,2.19836e+06,60749.4,54963.8,4.76453e+06,4.01351e+06,10580.9,6822.2,1112.8,940.5,171040
454951,465988,999.755,1.03168e+06,1.08919e+06,42398.4,41146.9,2.8593e+06,2.61252e+06,5638.4,3308.6,552.4,622.5,171074
502882,525294,980.32,612146,605049,7436.7,7193,602676,536500,2183.7,1617.3,254.6,489.4,171098
524726,561745,956.519,1.12166e+06,1.12083e+06,33239.4,30231.1,2.67958e+06,2.30593e+06,5378.8,3601,835.9,758.1,171151
130187,153585,868,162413,179070,463.2,769.1,1364.6,1393.6,491.3,685.8,-171.3,319,171154
511826,529395,990.021,1.07787e+06,1.12591e+06,31753.2,29599.1,2.44627e+06,2.15195e+06,6911.8,4305.6,791.5,598.8,171155
513745,529450,993.629,437097,457967,6284.1,5921.2,710482,639363,1386.6,1647.7,-118.2,398.6,171184
494055,510512,991.006,793120,844118,15878.4,15308.1,1.50871e+06,1.37477e+06,3987.4,2927.5,782.4,735.6,171253
448600,458333,1002.26,715446,768958,20495.4,20137.3,1.7834e+06,1.64754e+06,5694.2,3811.5,940,849.7,171383
169696,187515,926.707,93501.5,103092,1343.9,1540.3,6436.7,6094.1,487.4,508.8,355.3,496.1,171398
522133,557832,958.481,1.45525e+06,1.48322e+06,34190.6,33391.4,2.42899e+06,2.1922e+06,5603.4,3584.8,658.8,632.5,171481
505866,546067,948.617,1.06591e+06,1.07826e+06,13178,12611,1.56343e+06,1.44402e+06,6068.6,4398.6,753.9,747.8,171711
672371,693352,993.025,1.45385e+06,1.4849e+06,30117.7,28133.4,3.28367e+06,2.92754e+06,8121.9,5254.5,966.3,907.4,171727
491410,524909,958.658,1.1109e+06,1.16019e+06,16917.4,16869.2,1.83675e+06,1.71655e+06,6253.2,4171.8,324.6,769.5,171730
847489,694538,1249.51,2.12896e+06,1.81566e+06,50467.3,40712.8,4.12022e+06,3.19338e+06,12427.8,7258.8,1311,998.1,171778
440483,458664,983.426,967246,1.03146e+06,30713.4,30164.6,2.29411e+06,2.11992e+06,5693.9,3587.9,729.8,610.7,171882
517972,534866,991.659,423141,425512,8805.5,8149.4,861973,755972,1990.5,1345.1,-21.6,406.1,171967
1.25833e+06,1.11238e+06,1158.36,2.77923e+06,2.40937e+06,63762.5,53759.4,5.70778e+06,4.56014e+06,17008.7,10790,2000,1478.8,172003
496151,528578,961.183,1.09474e+06,1.10973e+06,30585.2,29461.8,2.18572e+06,1.95639e+06,6951.9,4379.2,816,686.2,172065
437918,447650,1001.74,883847,940613,25774,24854.5,2.00831e+06,1.83824e+06,5106.2,3286.8,653.2,599.5,172080
494188,524383,965.048,965683,994828,20716.4,19635.6,2.23319e+06,2.0282e+06,4998,3581.6,613,624.8,172103
499944,529465,966.906,1.16514e+06,1.17653e+06,13542.9,12895.1,1.39364e+06,1.27144e+06,5974.9,3896.4,788.8,746.2,172204
502900,528419,974.553,1.26159e+06,1.30717e+06,22598.9,21754.2,2.21876e+06,2.0064e+06,4855.1,3193.2,656.7,500.9,172210
457755,463247,1011.87,643071,610430,5322.8,4953.5,622441,532467,2172.4,1575.5,240.6,456.4,172592
359744,382744,962.484,331057,347292,1024.9,1691,3663.5,3181.6,1400.4,1253.9,20.7,516.8,172740
565618,583973,991.823,738740,709092,12282.5,11937.6,887472,784710,2919.4,2280.4,273.4,542.2,172757
442417,448233,1010.71,139004,136446,6825.6,6153.9,550698,486342,1295.3,1031.2,397.7,406,172797
471735,480453,1005.43,104483,100301,6596.7,5882.1,525093,442732,1486.9,1140.5,47.5,269,172805
439852,442863,1017.05,221398,230864,6063.9,5954,523506,468577,2477,1807.8,490,394.4,172822
871627,765746,1165.59,2.2248e+06,1.94566e+06,50024,41889,4.13643e+06,3.34966e+06,14715.1,8715.1,1371.3,1116.2,172849
519954,530232,1004.17,152770,154239,3430.3,3311.4,235317,214847,459.7,801.4,225.9,453.6,172868
544056,543965,1024.18,693584,639610,13801.2,11846.3,992630,839666,2761,1600.2,326.1,592.5,172930
489859,546524,917.835,605568,585670,11873.9,11825.4,1.18454e+06,1.10081e+06,5307.6,3797.8,507.7,667.3,172939
518584,526121,1009.33,62378.1,62924.8,937.6,1049.3,72793.4,64835.2,-33.3,459.3,-29.3,363.5,172943
489822,520318,963.994,1.08023e+06,1.12898e+06,38778,38199.2,2.70322e+06,2.53194e+06,6749.1,4083.1,948,794.5,172967
480461,530689,927.083,618868,606556,18362.5,18232.8,1.61822e+06,1.50353e+06,6649.9,4559.9,658.5,806.5,172999
2.91707e+06,1.16305e+06,2568.32,9.3753e+06,3.41451e+06,16323.1,5653.2,73824.2,23957.8,25106.5,8751.3,2391.8,965.8,173000
429923,452152,973.657,859477,932150,22800.5,23314.2,2.1317e+06,2.01948e+06,7485,4559.6,1105.7,760,173016
168474,176466,977.635,21761.3,21170.8,44.4,364.2,550.2,853.6,8.3,316.3,124.2,396.4,173035
452748,476685,972.588,965634,1.03267e+06,19332.1,19743.6,1.99426e+06,1.90315e+06,5688.1,3805.2,759.1,649.8,173050
500647,515514,994.472,978062,1.03008e+06,15374.3,14648.7,1.21686e+06,1.1183e+06,5107,3641.4,544.5,585.2,173073
493546,529082,955.225,994892,1.00657e+06,9730.9,9410.8,894446,813250,5972,3983.1,644.8,648.3,173088
451442,453802,1018.68,60524.3,59491.8,2397.9,2123.1,156936,137889,252.7,503.3,68,424.9,173090
593365,569869,1066.23,1.43346e+06,1.47836e+06,22512.9,20390.6,1.88679e+06,1.62284e+06,11262.2,6410.5,1361.1,1196,173102
457200,475163,985.294,995806,1.05497e+06,15996.6,15738.9,1.61703e+06,1.49025e+06,5692.9,3723.8,745.9,641,173130
457316,472135,991.873,1.10239e+06,1.17298e+06,28225.5,27523.6,2.05614e+06,1.88192e+06,5414.1,3113.8,745.5,530.8,173143
513410,566618,927.844,1.16608e+06,1.21541e+06,19049.9,18564.2,2.10098e+06,1.9178e+06,6278.8,4257,726.7,639.2,173170
443301,464954,976.314,1.17757e+06,1.26107e+06,22851.9,22351.7,1.75515e+06,1.62751e+06,5854.7,3832.9,714.1,626.1,173205
484474,511150,970.571,952888,1.00078e+06,28880.4,27640.9,2.10171e+06,1.90091e+06,7513,5010.2,765.7,783.3,173212
727536,728238,1023.02,1.61498e+06,1.65829e+06,36539.5,34375.7,2.4352e+06,2.18264e+06,13361.4,8370.4,1531,1215.5,173220
1.01232e+06,826971,1253.52,736525,608005,10368.1,8069.2,1.0051e+06,753096,2471.1,1974.7,-117.8,376.9,173273
505771,542010,955.537,1.16761e+06,1.17923e+06,40647.1,39339.9,2.84922e+06,2.61708e+06,5278.9,3575.9,540.6,596,173284
340375,366210,951.762,459903,437794,12695.2,11578.9,1.07459e+06,948530,3155.6,2498.8,423.8,490.5,173291
447470,448427,1021.82,50092.1,47492.8,2044.8,1900.8,177682,154683,178.4,533.7,-257.4,578.1,173317
983812,789744,1275.63,169463,132316,3180.7,2487.8,227689,165420,658.9,870.2,60.1,536.3,173366
414704,409016,1038.26,2.11539e+06,2.1445e+06,3840.7,4086.9,9508.1,8927,26385.6,15523.6,1506.4,1094.6,173372
452449,503904,919.437,611893,591097,5734.8,5716.3,552771,504907,4086,2925.6,128.2,476.6,173389
507779,519926,1000.09,278188,280907,3015.3,2828.6,229786,203808,875.4,664.3,202.7,353.3,173390
1.1884e+06,974113,1249.26,1.67066e+06,1.30398e+06,32748.6,23820.4,2.97908e+06,2.12557e+06,7008,4114.6,668.6,620.8,173403
902362,735937,1255.57,1.30754e+06,1.03313e+06,33576.2,25984.3,3.36107e+06,2.51127e+06,11036.9,6742.2,1128.1,1278.7,173404
395850,427851,947.414,665746,633981,22049.4,20356.9,1.46494e+06,1.2772e+06,4740.3,3865.3,501.2,660,173407
442024,446649,1013.4,74046,73674.1,1530.7,1514.3,147276,130311,855.2,848.5,145.6,303.3,173417
333617,369912,923.546,569721,564183,14872.2,14055.5,1.19551e+06,1.06518e+06,3331,2543.8,240.7,444.4,173425
371657,405652,938.193,421919,413302,11362.4,10533.7,897240,784884,5273.1,3835.1,463,637.9,173440
384465,424552,927.329,537778,537093,12847.1,12032.8,1.16484e+06,1.05094e+06,4551.9,3398.8,714.4,637.2,173466
373858,360593,1061.67,287741,296857,14207.8,13779.1,1.16528e+06,1.05133e+06,3229.4,1967.2,238.6,384.6,173485
426300,426644,1023.18,446195,419359,5767.5,4913.9,505150,433178,1840.7,1603.3,308,399.1,173488
466850,507365,942.238,903036,913808,17854.8,17091.3,1.48349e+06,1.35223e+06,6788.2,4403.8,1034.6,746.3,173511
490730,529866,948.37,1.0053e+06,1.02187e+06,15788.1,15195.4,1.30961e+06,1.19741e+06,6983.4,4578.3,1114.6,984.2,173519
444910,472002,965.226,973376,1.01973e+06,28830.8,28260.9,1.69601e+06,1.5849e+06,7565,4501.3,864.4,738,173523
493650,530842,952.259,1.01846e+06,1.03283e+06,19094.9,18268.6,1.60249e+06,1.47765e+06,6087.2,4097.6,795.1,898,173562
361740,357301,1036.73,880752,926307,19314.4,18708.8,1.82807e+06,1.68997e+06,4904.4,3030.9,533.3,900,173565
374559,366220,1047.33,410712,428440,15654.4,14905.7,1.3544e+06,1.23571e+06,5109.9,3082.5,517.4,709.8,173593
447598,463048,989.848,603802,581951,10627.7,9862,885382,782419,2544.7,1826.4,375.8,348.9,173604
400806,396436,1035.3,87765.7,87353.6,4780.5,4802.6,362668,311557,809.3,939.6,259.9,460.4,173607
453964,485604,957.287,844687,896160,17272.5,17722,1.64317e+06,1.57663e+06,6363.8,4284.1,812.9,698.2,173618
460327,469605,1003.78,93099.5,91635.5,3564.9,3488.1,279526,246652,486.1,776.2,351.4,608.2,173647
992178,857266,1185.15,2.11708e+06,1.73501e+06,52654.8,40798.6,4.3319e+06,3.24306e+06,13466.4,7856.6,1720.1,1178.8,173665
479043,527438,930.052,705215,709858,11808.4,11627.3,1.20442e+06,1.13634e+06,6268.7,4308,901.8,901,173682
3.47864e+06,1.36157e+06,2616.2,7.06761e+06,3.42029e+06,9018.8,4038.1,34949.8,14143.1,23818.1,9360.5,2135.9,1291.6,173694
493386,531625,950.348,969223,977539,33243.6,31838.8,2.57776e+06,2.35834e+06,6442.2,4232.7,669.3,866.6,173708
484678,498870,994.88,601622,576954,7001.8,6334.1,592772,517895,2174,1797.2,369.7,533.1,173769
348264,326104,1093.61,763137,793823,24405,23640.4,1.91197e+06,1.73824e+06,5770.7,3681.7,796.3,853.1,173790
340256,326216,1068.07,292057,298399,9008.4,8586.9,991043,894950,3420.5,2185.7,355,597.8,173806
530744,541581,1003.52,74780.7,72704.6,2471.9,2229.4,135333,115250,267,395.5,152.3,317.4,173819
456832,477910,978.847,639690,621957,18666.1,17633.6,1.4223e+06,1.25426e+06,2940.9,2625,324.5,668.2,173823
452056,466596,992.1,1.29193e+06,1.36601e+06,29947.8,29597.8,1.97645e+06,1.77808e+06,7400.8,4702.4,742.2,685,173836
534901,554883,987.129,1.16403e+06,1.16346e+06,24786,23375.9,2.20817e+06,1.91694e+06,3617,2532.1,757.2,633,173847
414769,437395,971.036,854990,823709,22685.7,21483.1,1.66455e+06,1.43153e+06,3302.5,2869.9,492.1,585.9,173849
187207,226214,847.448,309093,336551,3473.2,4312.2,16118.8,16860.1,928.8,960.2,446.8,577.3,173857
341263,320886,1089.05,767654,795772,18588.5,17704.3,1.36792e+06,1.23041e+06,5452.4,3231.3,628.5,642.2,173878
412838,430906,981.068,511906,484905,12684.4,11552,1.03631e+06,911720,2621.8,2244.7,182.3,391.8,173884
1.60813e+06,1.01624e+06,1620.41,1.59935e+06,1.25783e+06,4265.2,3208,16305,13245.4,2969.2,1840.1,769.5,570.5,173890
964450,810703,1218.21,1.90001e+06,1.55134e+06,57016.2,44499.5,3.67055e+06,2.76229e+06,11686.8,7442.7,1118,1163.2,173894
973460,798721,1248.02,1.70325e+06,1.36616e+06,33254.7,25734.4,2.63355e+06,1.94682e+06,8489,5506.8,929.2,863.7,173909
490018,515237,973.886,947675,993656,29003.2,27842,1.87957e+06,1.70501e+06,6619,4077.6,636.2,709.4,173914
516345,538427,982.007,966398,981532,19631.6,18144.9,1.61916e+06,1.45986e+06,3877.4,3190.9,467,617.5,173957
860907,701348,1256.97,1.31015e+06,1.03517e+06,38029.9,29123.6,2.89711e+06,2.15599e+06,11844.8,7062.4,1495.6,1116.7,173966
444202,470778,966.198,840805,832205,6066.9,5702.8,440028,394186,5408.1,3834.5,489.9,549.7,173977
1.00509e+06,821102,1253.46,279073,234942,5023.1,4192.6,437312,329295,1701.4,1316.4,190.6,361.5,174063
502729,526456,977.862,743687,716372,10758.4,9618.6,1.02798e+06,871259,3295.7,2641.8,362,456,174067
1.97918e+06,1.15272e+06,1758.18,6.30982e+06,4.50238e+06,14799.5,8925.1,49990.8,28781.4,25672.2,10735.1,2486.4,1207.8,174070
381069,361949,1078.11,335576,348813,9118.9,8727.6,674953,606577,2263.9,1695,416.1,557.3,174113
487064,526055,948.114,743394,755662,22555.7,21841.3,2.58839e+06,2.36818e+06,6018.2,4387.6,947.6,725.6,174133
476633,482970,1010.57,523663,535208,3573.3,3610.2,69340.6,62845.8,2733,2006,391.3,612.7,174136
500141,523490,978.329,959911,991268,18140.6,17925.3,1.48775e+06,1.35488e+06,5156.7,3637.6,643.6,524,174171
966733,939771,1053.38,1.53959e+06,1.37145e+06,45227.9,39520.3,3.15234e+06,2.61873e+06,14236.9,9134,1639.9,1178.7,174213
396669,391808,1036.72,800259,839624,14907.4,14513.9,1.60208e+06,1.46906e+06,5782.3,3627.5,874.8,648.9,174228
477504,505358,967.57,1.00566e+06,1.03362e+06,19252.1,18748.4,2.09033e+06,1.90976e+06,7097.3,4407.8,981.4,857,174244
362559,348790,1064.44,330123,339201,18919.1,17759.9,1.41147e+06,1.27298e+06,3303,2179.7,132,410.6,174255
286602,266061,1103.08,264792,234618,1218.1,859.4,5864.9,5289.4,1000.7,977.4,45,431.8,174265
503089,513733,1002.79,496052,479163,11203.8,10327.9,763584,665788,1718,1180.2,247.6,486.5,174276
484747,536619,925.019,721217,724419,10977.8,10758.2,976440,910631,6259.3,4257,664.9,857.4,174293
496374,528567,961.644,1.14299e+06,1.15274e+06,28672.1,28345.6,2.31909e+06,2.11371e+06,5254,3944.6,514.7,712.7,174298
869422,719106,1238.05,2.09498e+06,1.7902e+06,39175.2,31948.5,3.98617e+06,3.11583e+06,15995.1,9230.5,1857.8,1286.7,174304
444033,444910,1021.99,73261.3,73189.2,2122.8,2147.1,208650,184076,607.4,604.4,232.7,350,174321
517697,530526,999.247,376900,398443,5119.4,4602.2,493650,445777,1983.6,1404,413.2,348.6,174358
509866,539284,968.147,989642,1.00067e+06,21544.6,21126.7,1.43665e+06,1.29556e+06,3145.2,2287.3,45.8,673.3,174363
486394,523496,951.426,1.01758e+06,1.03914e+06,18820.7,18016.8,1.79884e+06,1.65794e+06,6335.5,4157.9,851.9,686.3,174389
523806,533459,1005.48,341829,357938,6140.5,6280.3,439588,393794,1327.3,1062.3,174.6,502.5,174421
687222,653138,1077.44,177705,168260,19305,17043.2,1.32166e+06,1.0447e+06,2438.5,1411.6,20.3,494.5,174453
391225,384235,1042.64,450100,463246,15269.3,14147.4,1.47874e+06,1.28756e+06,5648.1,3548,836.7,599.7,174508
447505,470083,974.823,1.42688e+06,1.51909e+06,26416,26095.4,2.46608e+06,2.28966e+06,6131.9,4285,598,579.4,174519
1.25803e+06,907090,1420.18,7.09341e+06,5.53499e+06,104228,73966.1,8.97482e+06,5.56627e+06,29679.4,15910.5,2992.6,1975.8,174589
295118,274123,1102.44,135620,126473,251.3,582.6,2672.6,2356.7,346.2,648.8,185.7,347.7,174687
1.76755e+06,1.17343e+06,1542.47,1.53636e+06,1.15725e+06,25718.1,19212.1,2.46626e+06,1.76387e+06,6068.1,3583.4,680.6,612,174697
423605,425236,1020.08,152580,151702,6864.6,6053.1,599958,514515,1483.4,1045.6,484.3,548.3,174746
509048,519620,1003.17,149803,151566,1194.7,1426.4,182506,167287,759.1,770.7,-100.7,266.6,174752
558813,591149,967.993,1.14536e+06,1.19476e+06,29980.4,28953.5,2.11889e+06,1.97554e+06,9302,5720.3,1111,739.2,174793
455126,472965,985.387,1.28585e+06,1.35193e+06,32284.4,31671.1,2.23924e+06,2.06628e+06,6141.7,3543.1,547.4,563.1,174800
432754,460795,961.69,1.02726e+06,1.08965e+06,28850.5,29174.2,1.95007e+06,1.84222e+06,6840.3,3996,833,861.5,174877
489487,538854,930.196,927561,943886,31768.3,30809.7,2.32209e+06,2.08246e+06,6946.8,4549.4,705.9,884.9,174898
385570,390398,1011.35,908118,961992,13312.9,12748.8,1.26725e+06,1.1514e+06,6220.4,3729.7,635.2,698.6,174976
460973,470114,1004.09,1.05203e+06,1.13394e+06,20818.4,20185.8,1.89368e+06,1.72839e+06,4122.5,2708.9,285.1,441.5,174989
484960,514197,965.784,1.3307e+06,1.41728e+06,17341.4,16655.4,1.71617e+06,1.55511e+06,5403.7,3466.4,684.3,568,175045
536578,549924,999.156,249686,260098,7058.3,6279.1,526678,458558,1183.5,963.1,366.6,455.8,175105
458902,475200,988.878,1.43901e+06,1.50949e+06,19617.2,18818.5,1.67959e+06,1.52903e+06,5747.8,3501.8,799.8,642.1,175124
4.05078e+06,1.06319e+06,3901.49,2.64709e+07,5.66402e+06,20622.3,6249.2,440174,310048,65308,18368.4,2650.8,992.3,175168
502288,528801,972.66,639695,615795,14405.8,13453.7,1.09208e+06,943022,2225.5,1814.2,171.6,447.9,175171
537464,561862,979.545,1.60218e+06,1.65829e+06,26387.3,25422.7,1.99774e+06,1.78398e+06,7011.4,4360.9,667.4,630.6,175174
706354,724976,997.709,1.54793e+06,1.49546e+06,25708.9,23164.6,2.73028e+06,2.35221e+06,10786.3,7198.1,906.8,816.2,175178
505958,523887,988.968,535455,528556,8003.1,7280.8,784716,692792,1497.2,1387.6,-3.9,432.5,175180
513394,525261,1000.87,211270,221570,4219.4,4055.1,363527,331366,623.9,832.6,-25.9,329.9,175210
469005,485516,989.184,961613,1.01144e+06,24468.5,22719.1,1.99732e+06,1.77979e+06,6352.8,3804.1,959.7,849.2,175214
184021,211931,889.156,275171,287508,3127,3123.2,9491.2,10079.8,2051.6,1551.6,644.6,639.9,175263
434847,459766,968.51,972303,1.0294e+06,21532.8,21033.4,1.6394e+06,1.53477e+06,6909.2,4151.1,576.9,734.9,175279
457008,473094,989.194,971558,1.02886e+06,14886.2,14767.3,1.42092e+06,1.30327e+06,4414.4,2966.3,426.2,470.7,175305
473681,490176,989.555,580075,622538,21571.5,21072,1.67577e+06,1.55303e+06,3831.3,2697.5,389,424.9,175309
1.88277e+06,1.33157e+06,1447.89,1.05649e+07,5.66102e+06,10447.2,8364,48296.1,35790.6,31911,15230.6,1959.6,1081.8,175322
447278,469962,974.576,1.04075e+06,1.09362e+06,40132.2,39256.3,2.7352e+06,2.56434e+06,6974.3,4232.3,858.4,770.5,175336
538897,556832,991.018,447001,474127,11664.9,10960.1,796255,707054,1637.3,1096.8,332.8,412.2,175344
484777,505909,981.236,1.25823e+06,1.29818e+06,40372.2,38597.2,3.14646e+06,2.88814e+06,5920.6,3884.3,656.4,845.8,175348
496954,536197,949.066,1.02435e+06,1.02704e+06,4793.3,4912.2,431414,397640,6008.2,4069.7,696.1,793,175411
493411,537515,939.984,1.04357e+06,1.06163e+06,17929.8,17118.5,1.76332e+06,1.62768e+06,6512.4,4271.9,942.6,976.7,175446
1.98519e+06,1.0561e+06,1924.87,5.13775e+06,2.32859e+06,139244,67348.1,9.06758e+06,4.42662e+06,32130.4,13372.6,3746.4,1749.6,175518
502789,543984,946.452,1.21958e+06,1.25077e+06,22518,22678.8,1.66582e+06,1.53689e+06,6130,3718.2,673.2,553,175560
499715,527349,970.349,1.00734e+06,1.01448e+06,24693.8,23472.2,2.43681e+06,2.21351e+06,6423.2,4247.5,823.2,720,175589
503250,533243,966.407,1.02068e+06,1.02657e+06,2793.9,3123.2,214834,190284,6312.8,3878,698.3,653.4,175712
785848,784394,1025.9,1.91657e+06,1.88967e+06,55892.6,50697.1,4.1719e+06,3.45387e+06,9363.4,6183.9,1163.1,1236.3,175727
459782,477010,987.02,1.47896e+06,1.54847e+06,33755.4,32817.4,2.77958e+06,2.50966e+06,6294.5,4031.6,654.5,681.5,175934
463551,473360,1002.78,770576,813798,18097.7,17842.6,1.13279e+06,1.02141e+06,3570.2,2437.4,511.5,605.9,176077
489521,531417,943.27,1.48013e+06,1.54435e+06,29014.8,28027.3,1.79989e+06,1.63749e+06,5946.4,3883.3,808,632.4,176127
451455,462052,1000.52,849300,907349,27444.2,27001.8,2.09278e+06,1.94426e+06,4676.4,3256.1,585.8,685.7,176130
1.01759e+06,954666,1091.49,1.93682e+06,1.75198e+06,59139.1,50326.1,4.15229e+06,3.35738e+06,11211.3,7269.1,914.6,960.4,176279
509537,531571,981.558,788893,823472,13721.2,13853.5,1.32528e+06,1.22839e+06,4655.2,3542.2,656.1,709.8,176281
1.00439e+06,1.03695e+06,991.849,2.12892e+06,2.21392e+06,70833.5,67171.1,4.00782e+06,3.56956e+06,11721.7,7182.5,1811.7,1161.3,176327
498234,528360,965.627,998957,1.012e+06,16643.1,16151.7,1.40364e+06,1.2844e+06,7044.9,4353.1,1109.6,687.9,176518
1.91935e+06,1.45921e+06,1346.91,9.89762e+06,5.66252e+06,16374.5,13022.7,35213.4,26604.1,25898.2,15255.8,2302.4,1361.4,176567
436732,448936,996.162,943744,991292,14591.8,14199,1.46912e+06,1.35715e+06,7316.3,4331.7,921.1,881.5,176603
470962,492057,980.101,1.04327e+06,1.08903e+06,27246,26731.2,2.3764e+06,2.21779e+06,6765,4122.8,792.6,746.6,176644
526410,546089,987.101,1.12388e+06,1.15797e+06,26186.6,25266.1,2.23088e+06,2.02637e+06,4511.7,2947.3,210.5,461.3,176688
494981,524253,966.832,1.0688e+06,1.10025e+06,27521.4,26489,2.30952e+06,2.11559e+06,5285.3,3556.4,617.4,645.2,176761
503382,522763,986.04,984797,1.02125e+06,20392.5,19894.1,1.71230e+06,1.60609e+06,4922.8,3121,683.6,579.5,176859
506147,529643,978.578,970065,1.01879e+06,29943.9,28788.7,2.28059e+06,2.10685e+06,5527.6,3477.5,796,560.3,177087
522427,535082,999.784,869235,898824,11599.5,11351.1,975926,887753,5357.9,4028.6,763.8,670.5,177534
444850,470469,968.248,960876,998939,11785.1,11509.3,1.11382e+06,1.03515e+06,7065.6,4547,789.5,639.2,177628
386205,435426,908.25,358551,389626,958.2,1097.3,4498.7,4206.3,4490.4,3166.6,432.1,413.1,177942
131354,136672,984.209,285444,302001,584.1,790.3,1382.4,1856.5,727.3,822.1,-27.8,457.4,178173
709942,706068,1029.62,1.34007e+06,1.35947e+06,44538.8,40506.3,2.90254e+06,2.4954e+06,9481,5982,1050.5,941.6,178290
470049,482798,996.971,1.20054e+06,1.27401e+06,25425.6,24123.2,2.16957e+06,1.9713e+06,5746.1,3827.4,813.7,714.8,178607
460646,482079,978.487,988140,1.05308e+06,21434,20729.6,1.68964e+06,1.56026e+06,5500.1,3465.8,580.7,752.2,178709
488500,508850,983.051,992906,1.04947e+06,29575.3,28314.4,2.20045e+06,1.99974e+06,5967.6,3703,955.6,998.7,178783
500210,531955,962.896,1.17928e+06,1.19964e+06,14284.9,13383.4,1.55294e+06,1.42567e+06,6742.8,4386.9,514.4,750.7,179498
453283,475770,975.604,1.00778e+06,1.0687e+06,20589.4,19907.8,1.70133e+06,1.5703e+06,5864,3857,844.6,513.6,179971
973342,1.00539e+06,991.364,1.91328e+06,1.98442e+06,41145.5,39337.6,3.90486e+06,3.51712e+06,12398.1,7357,1681.6,1200.6,180572
506992,523425,991.853,938771,972754,32481.6,30844,2.08121e+06,1.87841e+06,5099.7,3515.3,632,667.3,181113
501403,515469,996.066,1.3446e+06,1.42121e+06,35787.6,34054.7,2.32458e+06,2.09862e+06,5147.9,3361.8,739.9,686.1,181873
1.58866e+06,1.11027e+06,1465.21,6.28144e+06,4.43085e+06,7730.1,5229.4,35255.6,22594.8,20065.1,10492.8,1577.8,1205.3,181988
490919,523908,959.528,976648,1.00195e+06,18855.6,17757.7,1.55821e+06,1.39871e+06,5014.2,3369.7,462.4,670.7,182232
503272,533501,965.988,648877,636114,12586.9,11322.3,889858,760250,3455.3,2724.7,297.9,506.1,182282
662906,671083,1011.53,650283,643173,10196.2,9266.1,1.11308e+06,953047,3499.6,2463.7,291,563.8,182435
193557,224474,882.969,345116,370878,3868.8,4105.4,16031.9,16969.6,926,875.2,686.1,625.9,182437
487818,528123,945.856,993887,1.00289e+06,16315.1,15343.3,1.65195e+06,1.51741e+06,6507.3,4140,589.6,754.4,182584
429383,444164,989.931,495311,524041,15465.2,14966.4,1.20429e+06,1.10122e+06,4475.6,2900.3,691.5,607.5,182597
521006,548797,972.154,1.45167e+06,1.50401e+06,29109.8,28017.2,2.12773e+06,1.88709e+06,5342.4,3446.5,818.1,835.2,182762
454240,462504,1005.72,116757,115789,2614.3,2887.2,271710,237940,660.1,1003.6,315.2,589.1,182766
474064,503658,963.836,1.08705e+06,1.1037e+06,20104.2,19176.4,1.75104e+06,1.54518e+06,5152.7,3249.4,456.8,500.1,182771
454394,459663,1012.28,978540,1.04629e+06,18868.4,18486.5,1.57412e+06,1.4403e+06,4956.9,3184.2,836,767.7,182846
498043,517621,985.278,697666,673896,15166.5,14308.8,1.34036e+06,1.17723e+06,2110.5,1899.4,240.8,359.8,182860
473907,507417,956.376,1.02328e+06,1.07912e+06,2334.1,2262.6,301435,280720,6715.7,4529.7,527.4,651.6,182919
6.83867e+06,1.61084e+06,4347.32,1.87324e+07,5.01765e+06,109478,24402.3,4.01416e+06,840222,441539,109186,63459.4,15219.9,182922
679614,650154,1070.4,387132,396253,17726.9,16301.6,1.31953e+06,1.0919e+06,3719,2700,346.3,692.4,182974
450663,473309,975.016,993712,1.06161e+06,20573.7,19728,1.78483e+06,1.6464e+06,5592.1,3713.5,507.7,725.5,183085
450001,473311,973.583,1.06383e+06,1.11185e+06,32232.7,30507,2.51482e+06,2.27052e+06,6454.9,4031.4,652.8,794.7,183101
481484,514477,958.34,1.01465e+06,1.06944e+06,13027.2,12187,1.3388e+06,1.2007e+06,9587.2,6074.4,907.5,1255.4,183116
532963,547980,995.943,434312,448418,11670.1,10574,717739,618666,3008.8,2026.2,642.6,425.9,183134
516513,537902,983.292,882266,875675,17642.9,16835.9,1.58505e+06,1.41412e+06,2960.3,1951.3,565.6,361.8,183138
546432,568122,984.909,693061,709372,10717.8,10213.7,1.0321e+06,895268,2911.7,2292.8,342,422.9,183142
505868,535892,966.635,1.00658e+06,1.01909e+06,20523.7,20149.6,1.79574e+06,1.64647e+06,7093.3,4372.5,841.2,820.1,183167
456356,477179,979.321,1.17782e+06,1.23408e+06,17037.7,16682.1,1.39068e+06,1.29594e+06,6435,3941,783.6,602,183174
490296,522514,960.863,980460,1.00922e+06,21432,19923.2,1.9947e+06,1.78798e+06,6157.8,4425.8,890.9,722.3,183208
449238,471882,974.865,1.10655e+06,1.18482e+06,16326.9,16169.9,1.21676e+06,1.14333e+06,6369.1,4080.6,743,617.2,183217
375816,364443,1055.96,672920,716175,27594.7,26256.8,2.32564e+06,2.10468e+06,6241.1,3310.1,862.9,816.4,183293
499407,531951,961.365,1.12442e+06,1.13432e+06,39036.4,37237.9,2.54338e+06,2.33316e+06,5517.9,3574.7,793,584.9,183294
501410,505114,1016.49,910122,952243,29392.7,26275.5,1.98022e+06,1.68607e+06,7213.2,4140.5,850.7,884.4,183308
472178,484369,998.228,893763,965267,27480.8,26599.9,2.34544e+06,2.14239e+06,4050.9,2769,390.1,545.6,183332
500126,524681,976.079,631444,613770,13213.6,12344.9,925438,813894,2597.8,1896.1,53.6,552.8,183413
157559,174383,925.241,308418,321416,2081,2300.5,2933.1,3675.2,2270.5,1456.3,366,547.2,183427
446042,456092,1001.44,891123,954628,24562,24469.6,1.73705e+06,1.62705e+06,6999.7,4357.9,1012.3,872.1,183458
404943,418600,990.589,874631,911463,16391,15780.3,1.56196e+06,1.43388e+06,6507.7,3920.7,881.2,760.7,183522
466365,479495,995.973,640665,694392,14160.5,13548.6,1.36626e+06,1.26224e+06,4005.7,2741.5,351.5,676.1,183550
500005,536170,954.933,1.13579e+06,1.16658e+06,19494.3,19231,1.64173e+06,1.50902e+06,5414.6,3749.6,479.5,699.8,183669
555642,573097,992.813,1.17123e+06,1.18551e+06,32075.1,30014.7,2.00517e+06,1.76919e+06,4378.2,2943.7,834.4,640.6,183708
588165,622876,966.941,1.63383e+06,1.6359e+06,45814.9,43585.1,3.033e+06,2.65954e+06,6732.8,4523.7,968.2,741.5,183920
494280,519906,973.529,824330,830379,18895.4,17775,1.63105e+06,1.45484e+06,4876.9,3485.8,636.5,592.2,183953
446473,463251,986.919,441326,477338,19348.7,18506,1.4684e+06,1.36257e+06,5274.3,3429.4,785,615,184012
445163,458889,993.372,1.11311e+06,1.16134e+06,27095.1,26871.7,2.07624e+06,1.91639e+06,5548.8,3422.5,527,601.8,184036
447983,454014,1010.41,531096,575867,15436.8,15493.1,1.56592e+06,1.45597e+06,4470.6,3150.5,617,686.2,184099
479357,496030,989.592,1.42578e+06,1.48255e+06,32406.1,31182.3,3.03715e+06,2.74447e+06,5096.3,3319.1,552.1,641.2,184164
471139,494896,974.859,1.28413e+06,1.35212e+06,15284.8,14890.3,1.58926e+06,1.47357e+06,6592.6,4022.9,712.5,726.6,184223
432232,442863,999.433,713581,761963,19000.7,17928.4,1.65049e+06,1.49563e+06,6103.9,3715.2,917.3,975.9,184255
492841,529854,952.479,995339,1.00588e+06,21677.3,20764.9,2.12438e+06,1.9467e+06,6503.8,4079.3,735.3,1021.2,184291
1.0627e+06,879838,1236.84,6.37232e+06,5.51437e+06,6624.6,5616.1,12862.4,11028.8,20520.9,11493.7,1711.3,1107.5,184319
1.82778e+06,1.28446e+06,1457.15,4.3717e+06,2.9827e+06,145514,104139,1.22892e+07,5.68337e+06,24652.3,13421.7,2940.9,2127.2,184326
1.25682e+06,1.08078e+06,1190.79,3.70815e+06,2.90305e+06,5404.7,4508.8,23758.7,18948.1,9249.3,6078.7,1020.6,783.3,184554
470545,497815,967.919,989024,1.02266e+06,21067.6,20573.5,1.90983e+06,1.77672e+06,7488.2,4797.5,965.7,894.3,184653
504118,524848,983.568,1.0251e+06,1.06143e+06,29188.6,27881.2,2.31355e+06,2.10508e+06,5323.2,3442.2,711.6,750.9,185211
466617,487056,981.029,938606,1.00041e+06,21258.2,20719.1,1.848e+06,1.69372e+06,6717.2,4099.5,1117.2,698.4,185476
481133,507001,971.754,915366,958350,25075.5,24189.9,2.08012e+06,1.89047e+06,6388.3,4108.6,707.2,547.2,185578
996591,645176,1581.75,2.15269e+06,1.43568e+06,41862.9,26481.9,3.53109e+06,2.19535e+06,11488.8,6610.2,1410.4,1243.9,185725
471024,491207,981.937,902996,954803,31401.7,30929.4,2.25852e+06,2.07997e+06,5070.3,3380.4,666.4,724.6,185849
474492,484778,1002.27,1.0497e+06,1.10842e+06,16264.3,15743.9,878778,779520,4372,3014.6,442.6,715.4,185907
517836,554985,955.456,1.38073e+06,1.42571e+06,29730.1,28862.3,2.05872e+06,1.83887e+06,7157.8,4897.5,1043.1,825.7,185938
505505,530697,975.391,961633,993870,21607.6,20448.4,1.98522e+06,1.82004e+06,4837.5,3225.3,801.6,787,186041
530291,557246,974.476,1.50868e+06,1.56492e+06,23881.3,22329.9,2.38111e+06,2.11316e+06,5283.2,3729.4,805.3,666.1,186068
497509,536247,950.039,1.16926e+06,1.19022e+06,24916.2,24542.9,2.24104e+06,2.05784e+06,6232,4002.7,639.2,652.1,186080
463362,478000,992.641,1.32087e+06,1.4007e+06,31783.7,30511.1,2.86212e+06,2.59668e+06,5629.6,3403.5,781,709.2,186106
483111,510008,970.01,1.14587e+06,1.22433e+06,22958.4,21813.9,1.97499e+06,1.78918e+06,5202.4,3451.9,616.7,648.1,186122
512135,531894,985.97,970835,990123,23650.4,22898.4,1.81058e+06,1.6371e+06,4793.9,3433.7,636.5,626.7,186144
506574,530034,978.68,847148,864375,10561.1,10306.4,1.00696e+06,894903,4212.8,2981.5,405.7,767.5,186156
533322,569785,958.471,1.1457e+06,1.14189e+06,29647.1,27024.8,2.12274e+06,1.82899e+06,4338.8,2969.4,504.6,571.6,186338
1.58887e+06,712975,2282.01,1.21379e+07,5.64471e+06,9477.4,4470.6,21244.5,9198.7,23970.5,10665.8,1565.2,1004.8,186414
508850,529124,984.773,787978,801500,25647.8,24084.4,1.66221e+06,1.48446e+06,4388.5,3034.5,554.3,626.7,186425
469671,485346,990.932,646996,698917,13513.2,13157.8,999674,927111,4640.2,3232,331.7,448.2,186461
465147,473219,1006.54,939876,999079,19952.9,19464.2,1.38983e+06,1.27915e+06,5632.9,3582.5,448.5,602.7,186480
512666,557184,942.182,1.34424e+06,1.37503e+06,16430.6,15698.9,1.64711e+06,1.49909e+06,5654.9,3833.4,786.9,790.6,186484
440644,450874,1000.77,764629,823038,16043.7,15861.6,1.1664e+06,1.05848e+06,4684.7,3055.8,893.1,899.6,186540
491632,516668,974.388,1.01379e+06,1.02281e+06,29150.8,27511.9,2.37523e+06,2.14161e+06,5203,3496.6,625.3,740.2,186567
459337,469829,1001.14,368506,387217,18600.9,18416.4,1.16726e+06,1.075e+06,2821.1,1893.6,433.5,496.5,186642
703448,701209,1027.27,1.1615e+06,1.15092e+06,20752.1,19428,2.32634e+06,2.0571e+06,7445.3,4600.6,945.8,888.7,186645
1.03771e+06,963745,1102.59,1.27481e+06,1.19234e+06,31840.8,27534.5,2.07303e+06,1.70472e+06,8620.4,5384.4,917.1,711.2,186682
830703,635727,1338.07,1.89372e+06,1.48047e+06,61950.7,45431.7,4.06433e+06,2.93151e+06,9811.3,5536.4,1129.1,842.8,186749
525786,538912,999.059,303367,314370,3478.9,3211.8,369153,326830,1598.2,1180.2,106.6,440.5,186785
445764,463735,984.333,762663,825275,13711.4,13433,1.12867e+06,1.04697e+06,5674.5,3664.4,724.7,584.2,186820
464500,490994,968.748,992679,1.04521e+06,32975.2,32386.3,2.57304e+06,2.3828e+06,7219.8,4340.2,934.3,1153.5,186835
876468,832821,1077.67,2.44036e+06,2.37764e+06,39562.1,35829.6,3.68237e+06,3.16374e+06,10994.2,6249.9,1674.9,1378.3,186841
497681,539459,944.7,1.00348e+06,1.02132e+06,15550.6,14687,1.15961e+06,1.06199e+06,6019.5,4275.5,524.8,700.9,186848
524445,537397,999.329,593967,616196,13223.2,12659.2,1.25787e+06,1.10461e+06,2206.4,1870.9,176,337.7,186862
740849,734899,1032.29,1.18086e+06,1.10306e+06,30942.8,26195.7,2.45972e+06,1.9457e+06,4846.4,3471,385,592,186894
435395,456972,975.658,999223,1.04486e+06,24572.7,23886.1,1.63296e+06,1.51907e+06,6568.3,3991.4,735.8,879.2,186899
508797,522605,996.953,542840,550294,4959.8,4472.7,485534,433440,2362.6,1764.1,250.4,374.1,186919
509225,534694,975.234,899232,905032,25897.5,24153,2.12864e+06,1.90324e+06,3432.9,2514.8,226.1,657.8,186947
467342,476843,1003.6,413008,419750,15254.2,14592.7,1.52526e+06,1.38397e+06,4577.1,2976,406.6,642,186981
510738,527089,992.235,478114,474628,7216.1,6847.1,531768,462632,1801.4,1163.6,-1,280.7,187109
386392,380862,1038.88,596147,636715,21468.6,20895.1,1.57365e+06,1.43629e+06,4319,2600.8,749.7,620.6,187150
498583,528713,965.645,772657,778290,12972.7,12679.8,1.06272e+06,961352,3867.8,2683.5,604.6,531.5,187200
547484,560573,1000.1,179783,178631,4871.8,4710.8,447394,394214,822.6,669.6,315.2,571,187232
422440,430699,1004.37,472674,498929,14034.9,13340.8,992692,913024,4929.6,3163.3,654.9,535.2,187267
480792,505115,974.697,1.03039e+06,1.06054e+06,19081.4,18248,1.35436e+06,1.23544e+06,6102.7,3823,891,722.3,187293
506284,522539,992.15,435864,445375,5807.1,5510.5,428662,376173,1848.5,1484.1,231.7,411.8,187307
432633,434149,1020.44,196709,206180,10452.3,9590.8,788382,701198,1765.3,1403.6,319.6,330.8,187362
468623,494515,970.391,884012,866771,22181.9,20680.1,1.65692e+06,1.46969e+06,5414,3915.8,804.3,1027.7,187365
508307,539605,964.614,980747,997206,21906.8,21300.8,1.97131e+06,1.78673e+06,5117.2,3518,444.8,560.6,187420
413713,418147,1013.15,1.0937e+06,1.15049e+06,29462.8,28676.3,2.50327e+06,2.29249e+06,5017.7,2919.4,616.7,555.3,187496
500236,540022,948.566,1.00866e+06,1.01605e+06,16649.9,16444.9,1.2341e+06,1.1287e+06,6816.1,4829.2,967.6,802.7,187531
481628,506089,974.508,1.19028e+06,1.26159e+06,21900.4,21514.9,1.97128e+06,1.78969e+06,7935.5,4887.5,1072.8,722.5,187553
496631,534644,951.199,1.1276e+06,1.15267e+06,28036.9,26932.1,2.74051e+06,2.51077e+06,5381.4,3814.3,462.2,596,187591
531635,546087,996.912,715788,720562,7351.5,6903.8,672260,585202,1753.4,1498.5,251,391.4,187636
540539,579537,955.095,1.08535e+06,1.08115e+06,22488.7,21067.2,2.20936e+06,2.00391e+06,6959.1,4708.1,781.2,724.6,187693
452670,470559,985.085,141718,140068,7424,6726.2,662631,561943,2016.5,1439.6,140.4,409.3,187710
511160,556458,940.644,1.50904e+06,1.56448e+06,56025,54842.6,3.50913e+06,3.17881e+06,6336.4,4111.4,933.5,780,187725
434091,432574,1027.6,604609,625775,29184.8,28312.9,2.14478e+06,1.92999e+06,3831.9,2558.7,797.3,627.8,187746
529040,560492,966.545,1.15738e+06,1.15689e+06,16736.3,15732.4,1.70391e+06,1.4851e+06,6085.2,4494.6,832.9,569.6,187747
492039,525697,958.439,1.08157e+06,1.09471e+06,4264.5,4024.8,5131.9,4758.6,9376.5,6357,1373.3,911.2,187757
537747,551361,998.717,472381,482048,7954.9,7462.3,709120,617401,1250.8,1120.2,183.8,435.2,187780
716477,730677,1004.11,1.63642e+06,1.58203e+06,31899.9,27594.7,3.33918e+06,2.74845e+06,11613,7574.1,1221.6,1159.6,187802
493773,545204,927.408,1.06336e+06,1.07428e+06,26860,26949.3,1.98942e+06,1.83742e+06,5777.1,4156.8,694.2,673.7,187862
411077,419526,1003.39,430499,444026,17167.9,17280.8,1.60584e+06,1.43469e+06,2758,1636.2,361.3,462.4,187864
486128,525432,947.401,906999,943872,12414.8,11802.5,1.17151e+06,1.08776e+06,6813.8,4430.7,443.4,681.3,187912
526712,535286,1007.61,156446,156825,2179.9,2052.8,202044,183938,863.7,756.1,-22.2,450.7,187914
521688,534049,1000.3,626556,622460,9907.7,8905.1,769914,679749,1691.7,1511.9,72.9,401.9,187959
478811,519264,944.24,937626,946753,29954.6,29276.6,2.67251e+06,2.44065e+06,6196.2,4074.5,918.3,765.2,188003
1.2018e+06,553539,2223.24,3.20407e+06,1.34382e+06,2811.3,1670.4,9408.8,4190.9,5531.2,2834.9,491,439.9,188060
429517,435942,1008.92,368483,376823,18292.2,18057.6,1.27597e+06,1.1627e+06,3815.1,2556.3,616.5,527.7,188064
417805,423366,1010.56,620914,660763,12604.3,11766.4,1.44639e+06,1.28139e+06,5121.6,3148.8,588.2,487.3,188355
459032,474056,991.547,1.47314e+06,1.56161e+06,29932.9,28603.1,3.07896e+06,2.79195e+06,6058.1,3472.3,750.8,755.7,188376
816478,638090,1310.28,2.1114e+06,1.69958e+06,55831.6,42378.3,4.35596e+06,3.17096e+06,11823,6695.5,1476.8,1127.2,188396
518730,533971,994.777,597250,605300,12614,11781.4,1.08568e+06,972996,3492.1,2294.6,242.6,352.6,188426
488116,516665,967.418,1.06066e+06,1.10017e+06,19986.6,19068.2,1.63438e+06,1.52476e+06,6514.6,4139.7,512,705.2,188482
496022,525901,965.829,694192,684245,17029.1,16163.1,1.13246e+06,1.00693e+06,3005.2,2248.8,511.9,390.4,188501
525245,549267,979.22,1.12624e+06,1.16204e+06,25387.8,24309.2,1.82662e+06,1.59906e+06,7499.5,4709.6,813.9,811.8,188531
495134,537416,943.434,1.09849e+06,1.12542e+06,25554.3,24676.6,2.02019e+06,1.86903e+06,5550.5,3874.7,647.2,658.5,188533
606228,631052,983.723,1.05032e+06,1.02575e+06,31636.1,27947.1,2.19751e+06,1.8211e+06,5318.1,3343.9,532.9,554,188556
493482,527865,957.301,1.01056e+06,1.02914e+06,27930.6,26948.9,2.29546e+06,2.11597e+06,7316.1,5075.8,931.2,971.3,188571
490901,535967,937.91,1.00449e+06,1.02988e+06,18946,18450.8,1.94151e+06,1.7937e+06,6471.3,4522.4,788.6,755.7,188645
487513,526468,948.237,1.0176e+06,1.05132e+06,33419.1,32763.5,2.19138e+06,2.01611e+06,6872.3,4535,854.5,861.2,188658
443846,459859,988.347,1.01815e+06,1.05323e+06,25689.1,24161.6,2.29427e+06,2.07637e+06,5767.5,3452.6,703.3,554,188667
440620,451606,999.102,1.2057e+06,1.26881e+06,14409.4,13941,1.41274e+06,1.29986e+06,5584.2,3408.6,620.8,592.9,188693
675108,666036,1037.95,1.37123e+06,1.40923e+06,58654.5,50908.9,3.61057e+06,2.95019e+06,9502.3,5559,1152.1,1019.5,188730
487905,532903,937.544,1.02846e+06,1.05565e+06,27368.1,26336.9,2.01268e+06,1.8688e+06,6424.7,4124.3,827.6,918.6,188738
499310,526177,971.716,989366,1.03084e+06,23042.9,22401.6,1.64406e+06,1.50706e+06,5323.8,3469,759.4,826.1,188788
512131,526468,996.12,429148,455822,6240.1,6405.3,514751,460248,1921.3,1542.8,278.7,432.8,188796
501007,511902,1002.22,880113,951301,29215.6,28073.5,2.00247e+06,1.7925e+06,6638.5,4103.2,774,801.4,188871
498557,530139,963.002,982027,1.00214e+06,41217.3,39067.4,3.15022e+06,2.82011e+06,6190.6,4220.6,968.2,724.6,189040
495070,518435,977.856,979072,974383,20346.4,19154.6,1.67035e+06,1.45907e+06,4313.9,3291.4,653.1,517.7,189114
514708,530506,993.509,408834,431983,8245.5,7760.7,612430,543333,2367.6,1557.6,36.2,501.2,189203
500380,532426,962.369,1.09546e+06,1.13434e+06,18822.5,18667.1,1.65375e+06,1.5397e+06,6200.3,4207.4,635.6,684.9,189248
1.42712e+06,835766,1748.55,3.9229e+06,2.16526e+06,6191.3,3873.7,16695.4,10277.3,10466.7,5425.2,741.4,605.2,189311
513324,531452,989.078,994968,1.03295e+06,15624,15388.6,1.49108e+06,1.36701e+06,5464,3899.3,533.3,649.2,189405
492986,531284,950.189,1.00521e+06,1.02347e+06,12052.1,11889.6,1.13021e+06,1.04051e+06,7151.7,4906.6,480.7,466.2,189409
509888,534130,977.528,922758,941134,21704.7,20831.8,1.59837e+06,1.42625e+06,4810.4,3290.7,419.9,511.8,189430
515519,557625,946.679,1.28321e+06,1.30529e+06,9229.9,9166.9,605644,545550,6598,4165.6,803.9,871.7,189437
456405,466632,1001.56,873849,925294,30785.7,29883.7,1.93912e+06,1.78134e+06,6964.6,3933.2,964.9,841.9,189524
497493,534878,952.439,1.04176e+06,1.05606e+06,24828.1,24299.5,1.97691e+06,1.81036e+06,5928.9,3782.6,885.4,885.2,189662
497241,524561,970.67,1.00761e+06,1.02568e+06,21496.9,20898.2,1.84368e+06,1.68295e+06,6665.4,4300.1,893.7,893.5,189736
467171,501579,953.76,952758,1.00302e+06,23246.3,22290,1.83225e+06,1.67181e+06,5687.3,3866.6,510.2,672.3,189754
495688,522278,971.877,993026,1.01623e+06,36844.7,36102.4,2.49269e+06,2.2847e+06,6958.1,4263.6,1141.6,898.5,189929
468232,497310,964.137,1.0301e+06,1.08382e+06,18252.7,17696.4,1.74202e+06,1.62994e+06,8110.2,5438.7,912.9,906.7,189986
496984,522909,973.239,1.45851e+06,1.53427e+06,48508.5,47917.1,2.91294e+06,2.67689e+06,6892.6,4459,1016.1,899.9,189993
513380,540564,972.51,1.14231e+06,1.18634e+06,18231.7,17368.9,1.55795e+06,1.40686e+06,4840.9,3408.7,569.4,795.5,189998
473881,493643,983.011,1.55943e+06,1.65324e+06,26528.3,25631.5,2.34444e+06,2.13358e+06,7089.5,4582.1,1001.1,693.7,190310
441246,456032,990.814,733371,790887,11509.5,10971.8,996134,925954,5621.2,3446.7,925.5,722.4,190438
192712,218247,904.218,143336,155276,890,1611.7,3175.1,3026.5,1119.3,785.9,251.8,405.7,190455
441530,449865,1005.03,798502,860287,18614.4,17977.6,1.83512e+06,1.69298e+06,5453.8,3226.2,717.3,662.3,190466
512766,539027,974.117,1.19686e+06,1.21303e+06,35072.7,33249,2.71983e+06,2.47495e+06,4883.9,3179.5,640.2,597.8,190575
519777,542799,980.581,998943,997996,17931,17453.9,1.3723e+06,1.22859e+06,3222.9,2272,267.8,558.1,190649
562649,589381,977.564,1.10419e+06,1.11912e+06,29017.3,28011.1,1.97111e+06,1.78564e+06,6444.6,4134.9,660,722.1,190694
455798,479386,973.616,1.18789e+06,1.23222e+06,27836.6,27077.9,2.09654e+06,1.93326e+06,5834,3542.8,578.3,745.3,191047
478547,502528,975.149,1.49338e+06,1.556e+06,36411.6,35607.5,2.63834e+06,2.38552e+06,6004.9,3644.8,657.8,767.2,191246
512578,540163,971.711,1.13932e+06,1.17875e+06,24677.2,24409,2.05727e+06,1.88496e+06,6083.9,4088.4,686.9,679.8,191480
464459,482772,985.164,1.12489e+06,1.2041e+06,31108.5,30180.3,2.59356e+06,2.36699e+06,4814.5,2873.1,598.2,707.1,191599
481670,501321,983.863,1.47353e+06,1.53058e+06,35908.3,34510.2,3.00101e+06,2.69796e+06,6149.2,3886.7,835.5,712.7,191985
473450,493660,982.084,1.08725e+06,1.14859e+06,31556.6,30322.1,2.39737e+06,2.19422e+06,5465.7,3345.5,497.1,739,192423
815824,653168,1279,1.94984e+06,1.59727e+06,42304.7,33754.5,4.1475e+06,3.16611e+06,13802.1,7868.5,2009.9,1084.1,192986
484031,509566,972.695,1.0658e+06,1.08916e+06,23080.6,21375.4,1.84243e+06,1.62464e+06,5465.1,3607,999.8,639.6,192992
491428,519089,969.434,983358,1.00362e+06,14243.9,14365.1,1.21044e+06,1.10914e+06,7307.8,4436.2,579.8,715.5,193105
450636,471189,979.342,976349,1.03369e+06,27899.6,26837.6,2.25476e+06,2.07382e+06,6654.8,4176.7,1189.2,1037.1,193323
459129,473835,992.225,1.02395e+06,1.09657e+06,24559.5,23304.6,2.10898e+06,1.93765e+06,6154.6,3741.6,757.2,606.4,193380
509097,536874,971.023,1.03261e+06,1.06426e+06,21248.8,20053.4,1.77976e+06,1.59132e+06,5238.3,3916.4,330,720.6,193551
538729,559630,985.765,1.52638e+06,1.60774e+06,31893.9,30548.9,2.92356e+06,2.59535e+06,7036.7,4319.5,327.2,773.1,193620
618569,610496,1037.54,664850,618061,24689.5,23444.7,126279,113133,15469.2,9464.5,3846.4,2374.6,193842
503292,525179,981.328,993084,1.04143e+06,26782.1,26119.3,1.93605e+06,1.75738e+06,6040.8,4010.2,743.9,998.4,193931
463280,480891,986.506,1.18548e+06,1.24906e+06,25319.9,25046.9,1.63533e+06,1.49457e+06,5866,3684.7,675.2,596,194071
493476,514282,982.575,1.16767e+06,1.18107e+06,43952.5,41069.6,2.82055e+06,2.47996e+06,7490.6,4766.6,1229.1,830.8,194300
498352,524518,972.929,1.07771e+06,1.12221e+06,14137.1,13732.5,1.11886e+06,1.02078e+06,4230.6,2892.7,579,524.3,194654
507787,533299,975.018,1.01071e+06,1.04411e+06,23348.4,21483.3,2.11159e+06,1.88973e+06,5455,3947.8,642.4,783.9,194739
480935,501738,981.545,1.01715e+06,1.08468e+06,18620.2,17775.1,1.59158e+06,1.45566e+06,5783.6,3829.6,495.8,408.1,195133
523714,538257,996.334,1.0411e+06,1.05059e+06,18297.7,17939.9,1.56384e+06,1.41673e+06,4129.6,2648,554.3,464,196098
493334,522811,966.27,1.02395e+06,1.03769e+06,17156.4,16384.6,1.31317e+06,1.20776e+06,7158.6,4470.5,672.8,643.6,196112
510891,545635,958.8,1.06673e+06,1.09303e+06,30484,29023.2,2.42659e+06,2.20578e+06,5468.3,3846.2,607.9,674.9,196342
489242,524777,954.661,774102,780237,23159,21653.8,1.63273e+06,1.45119e+06,4578.2,3338.4,533.6,803.4,196427
438324,453538,989.653,920880,973467,21085.7,20310.8,1.60528e+06,1.48116e+06,5892.2,3543.5,823.7,576.5,196504
446731,467200,979.135,940658,983836,26790.2,25904.5,2.03217e+06,1.85356e+06,6836,4125.9,960.4,673.8,196523
454057,460970,1008.65,790313,844284,17252.4,16986.5,1.51742e+06,1.39978e+06,5776,3542.3,319.3,460.8,196536
489815,506001,991.244,1.0513e+06,1.09333e+06,19435.8,17915,1.56345e+06,1.36853e+06,8045.3,4932.3,1208.9,877.2,196655
716047,719700,1018.81,992847,942735,16960.9,14793.5,1.50909e+06,1.23696e+06,3314.4,2518.9,246.5,551.4,196712
941032,864990,1114.03,4.09593e+06,3.5397e+06,2864.8,2949.6,11082.4,8595.7,5508.2,3797.5,411.2,634.9,196744
509148,532620,978.882,716361,725069,25140.8,24284.3,1.68218e+06,1.51934e+06,4570.5,3033.2,380.9,505.8,196760
2.9354e+06,1.29255e+06,2325.53,2.20668e+07,5.6638e+06,42399.8,30613.5,891339,646160,63645.8,29183.2,3394.6,1725.7,196777
521426,553678,964.36,1.47204e+06,1.48754e+06,16933.1,16751,1.48304e+06,1.35161e+06,5434.1,3967.6,586.1,576.4,196899
428496,430639,1018.92,887014,933694,26047.9,25552.2,1.97598e+06,1.80983e+06,7055.1,3975.8,720.1,687.4,196905
129887,157559,844.19,121321,137170,2740.2,2965.9,2975.6,2882.5,4057.4,2882.4,277,397.2,196928
485379,513722,967.507,1.03736e+06,1.07841e+06,33777.8,32818.4,2.57679e+06,2.39445e+06,7539.3,4552,979.1,1052.2,196956
497306,529661,961.457,1.18104e+06,1.17846e+06,21636.9,19931.4,2.19632e+06,1.92552e+06,7338.9,5176.4,873.2,962.2,196957
1.00109e+06,947579,1081.83,2.24792e+06,1.98474e+06,45152.4,37963,4.39701e+06,3.55046e+06,14784.1,9266.8,1726.2,1353.5,196994
484484,496519,999.194,1.06133e+06,1.11684e+06,18808,18029.2,1.618e+06,1.48045e+06,4683.1,3140.7,736.2,797.5,197071
828480,657993,1289.32,898892,773470,34381.1,26961.9,2.70524e+06,2.0896e+06,8648.3,5291.7,871.4,760.7,197090
472918,482234,1004.22,113430,108500,4412.1,4067.7,284617,240834,1273.8,874.3,141.5,376.1,197130
403573,404548,1021.54,957457,1.01517e+06,32489.7,31510.7,2.07828e+06,1.90147e+06,5212.8,3245.6,830.4,701.2,197193
428518,448946,977.41,670463,654665,16815.3,15717.3,1.80762e+06,1.58696e+06,4634.5,3146.4,927.3,674.2,197194
2.34377e+06,1.65495e+06,1450.21,4.14688e+06,3.19786e+06,1508.2,1730.4,7384.2,7055.6,7464.1,4626.9,547.1,574.2,197200
159738,185954,879.645,376428,412816,3626.8,4145,15545.4,16305.6,1127.9,901,755.9,647.2,197228
484602,497376,997.716,113087,107310,3545.9,3272.2,284098,238974,427.4,562.5,53.8,306.5,197257
644641,587077,1124.41,3.88284e+06,3.31505e+06,2415.4,2207,5619,4869,11104.5,6910,503.6,507.3,197264
442758,460283,985.019,996786,1.0408e+06,22712.8,22226.4,2.23728e+06,2.07153e+06,7189.1,4420.9,1078.7,755.8,197288
493410,529739,953.781,1.04407e+06,1.05645e+06,23414.2,23167.6,2.01882e+06,1.84969e+06,5569.1,3689.6,757.9,736.7,197291
988105,984663,1027.59,2.55281e+06,2.46035e+06,39777.9,35854.6,3.76881e+06,3.2545e+06,9291.1,5753.4,730.9,827.7,197332
515882,573464,921.19,940696,925598,23092.1,21657.9,1.61348e+06,1.44277e+06,5950.7,3865.9,728.8,784.8,197422
479747,512794,958.01,978552,1.02992e+06,17562.1,17265.5,1.74634e+06,1.63606e+06,7728.5,5159.8,919.6,896.9,197447
512433,533066,984.367,597824,602731,7632,6823.7,649779,574732,2339.7,1780.6,376.7,447.7,197454
455592,484208,963.482,1.11677e+06,1.09865e+06,26948,25319.7,2.00632e+06,1.75483e+06,4941.7,3516.7,692.6,719.9,197456
514576,549060,959.694,1.47419e+06,1.51728e+06,35493.9,34139.8,2.69329e+06,2.40828e+06,6350.4,4189.4,736.2,973.4,197539
193114,173984,1136.64,458708,421943,602.3,809.1,4037.2,3689.7,1491.8,1464.4,-165.5,303.5,197571
480817,504076,976.758,1.21549e+06,1.26711e+06,39612.4,38736.2,2.87016e+06,2.6257e+06,5139.9,3613.7,516,672.1,197576
393485,423244,952.009,698824,673954,12106.7,11002.6,1.18562e+06,1.05759e+06,5198.3,3687.9,649,588.2,197592
491946,503075,1001.35,1.30699e+06,1.39121e+06,34373.4,33159.3,2.41414e+06,2.16499e+06,5579.9,3181.2,518.3,593.8,197608
379522,375015,1036.32,525834,551572,14853.1,14712.3,1.14934e+06,1.05536e+06,4076.7,2450.7,541.7,748.7,197641
360823,364137,1014.68,781489,822775,21764.9,20624.4,1.74544e+06,1.58725e+06,6200.4,3572.6,814.2,543.7,197681
513595,543135,968.318,947195,938773,10025.3,10020.2,1.00903e+06,900700,2913.3,2397.1,76.6,487.9,197687
490508,522462,961.383,1.04794e+06,1.05494e+06,20180.4,18706.5,1.73685e+06,1.54431e+06,5657.3,3717.5,733.6,584.3,197730
379833,358456,1085.06,281674,286689,16410.5,14939.3,1.20242e+06,1.02617e+06,2902.2,1973.5,737.2,627,197755
444352,450924,1009.08,625806,666788,15488.5,14866.2,1.64962e+06,1.52404e+06,3883.7,2674.4,350.4,439.9,197796
179173,219336,836.519,70800.6,80398.7,1820.3,2157.2,2101.9,2216.4,2618.9,2157.8,382.4,430.3,197799
485606,525798,945.735,443026,475385,10256.4,10936.3,757894,723568,4821.7,3453.4,522.6,562.5,197806
729640,738831,1011.27,1.10899e+06,1.14743e+06,23508.7,22477.7,1.81768e+06,1.66909e+06,15252.6,9604.9,2063.7,1406.1,197844
457451,487210,961.456,771269,806991,14984.8,14853.5,1.61795e+06,1.56307e+06,5579.1,3555.1,1053.5,798.1,197869
368960,350336,1078.46,76023.3,74977.7,4054.9,3642,307610,268458,760.2,762.9,109.9,401.4,197896
949625,685976,1417.56,2.45995e+06,1.92929e+06,68533.5,50389.4,6.26244e+06,4.47102e+06,15092.3,7959.5,2226.8,1266.9,197948
348886,333101,1072.54,817543,855539,21965.7,20361.5,1.82311e+06,1.66769e+06,4695.2,2947.8,765.1,789,197953
900951,580812,1588.43,1.44536e+06,1.213e+06,5408,4102.5,17514.9,12930.8,4377.9,2532,743.7,698.2,197956
365428,367641,1017.84,869064,919807,3851.1,3850.6,236943,221405,5848.3,3453.4,594.6,561.9,198034
476892,494101,988.345,998194,1.0477e+06,22044.8,21216,1.7199e+06,1.51774e+06,6689.6,4206.4,900.2,675.1,198093
361674,339644,1090.43,691329,721974,16912.8,16448.1,1.54667e+06,1.38396e+06,4473.5,2442.8,519.1,669.5,198119
505769,533384,970.999,1.16286e+06,1.21599e+06,26486,25825,2.38093e+06,2.16768e+06,5014.9,3409.8,433.3,480.2,198138
446019,472972,965.652,787148,832596,19189.4,18188.1,1.51051e+06,1.38804e+06,7313.1,4513.3,1001.1,1111.1,198159
412153,427219,987.895,896398,960109,28659.5,28760,2.32185e+06,2.1832e+06,5942.9,3486.5,1025.1,629.1,198244
462174,493151,959.69,1.20918e+06,1.29078e+06,34482.6,33305,2.49333e+06,2.27534e+06,4901.4,3156.9,533.2,639.6,198323
533352,555627,982.952,875331,858509,14957.7,13349,1.39303e+06,1.1903e+06,3421.2,2571.5,280.9,423.3,198390
604199,315267,1962.48,1.8508e+06,1.29148e+06,3945.9,2485,11364.5,6707.9,5446.3,2841,910.3,757.7,198508
506766,536582,967.11,979478,1.02011e+06,16737.8,15637.3,1.64093e+06,1.47366e+06,5328.3,3865.9,698.2,595.3,198535
439940,451364,998.09,731653,780231,20062.8,19471.8,1.40795e+06,1.27908e+06,5579.7,3317.6,787.9,706.9,198540
441029,458360,985.297,999310,1.0425e+06,20116.4,19159.8,2.37007e+06,2.20826e+06,7794.7,4332.1,979.4,764.4,198590
445129,459959,990.997,946836,983493,14481,13985.8,1.61081e+06,1.45461e+06,6431.9,3678.1,620.7,845.5,198865
523309,569132,941.56,1.36219e+06,1.36458e+06,26804.1,25076.7,2.22703e+06,1.96483e+06,6417.9,4250.2,580.8,603.9,198932
527438,544107,992.633,779090,760911,11050.3,10002,1.12881e+06,972410,1728.9,1306.6,251.5,361.9,198935
484020,504182,983.061,1.47829e+06,1.52978e+06,21719.8,20836.2,1.72644e+06,1.55687e+06,6160.7,4177,700.1,540.5,198937
509362,527191,989.383,685449,688760,15467.4,14836.4,1.41758e+06,1.27695e+06,2815.7,2459.7,542.3,510.1,198954
496222,536505,947.115,1.20692e+06,1.24197e+06,28425.9,27149.4,2.79469e+06,2.58065e+06,5318.5,3809,900.5,752.4,199005
491874,515174,977.698,1.47541e+06,1.54966e+06,44114.4,43157.7,3.40837e+06,3.13045e+06,5594.3,3482.9,708.9,483.9,199047
745485,722839,1056.09,327945,334441,9088.7,7729.7,624665,512036,1765.5,1730.6,179.6,492.7,199052
514272,537484,979.783,803090,786675,10263.4,9702.4,928229,821292,2566.4,1961.9,98,357.2,199058
693529,685799,1035.55,1.18712e+06,1.08669e+06,35554.6,30320.3,2.96574e+06,2.36188e+06,9439.3,6206.9,1159.8,1152.2,199092
842620,643727,1340.4,958250,753635,31816.6,24204.1,3.33183e+06,2.47063e+06,9109.8,5311.2,1376.9,947.6,199146
1.00448e+06,547720,1877.94,1.81759e+06,995155,48438.7,29942.8,3.61406e+06,1.79196e+06,8240.5,3177.5,763.9,539.5,199157
489748,538624,931.08,883149,904999,22866.3,21641,2.04149e+06,1.87508e+06,5063,3865.7,782.2,578.3,199234
532458,555444,981.63,1.03543e+06,1.01243e+06,25261.4,23066.3,1.86858e+06,1.61643e+06,2752.7,2114.2,369.9,543.9,199240
502495,531090,968.868,846738,849567,31767.6,30169.2,1.96427e+06,1.7507e+06,5087.4,3444.8,637,694.2,199288
502234,527073,975.745,944040,967108,13262.7,12364.8,1.52926e+06,1.38897e+06,6122,3754.3,567.2,607.6,199305
521551,567900,940.432,1.22422e+06,1.27668e+06,27897.9,26751.4,2.69079e+06,2.45271e+06,5576.4,3691.9,869.6,771.5,199313
479430,500975,979.975,1.51217e+06,1.58717e+06,29690.5,29175.4,2.67122e+06,2.4163e+06,5452.2,3478.7,718.3,735.7,199315
440930,438196,1030.4,71562.4,70467.3,2302.5,2596.1,238499,208049,205.1,516.2,-71.5,453.5,199327
514317,559812,940.787,1.30455e+06,1.33424e+06,24478.4,24301.9,1.85945e+06,1.70866e+06,6035.3,4080,615.9,473.7,199336
493891,542914,931.538,861087,893204,13627.9,13259.2,1.43962e+06,1.33433e+06,6064.2,4084.7,532.3,758.2,199379
816902,789432,1059.64,1.12341e+06,1.098e+06,38400.7,34258.5,2.72115e+06,2.29314e+06,7424.9,4859.4,752,600.8,199397
749700,709590,1081.89,648846,686574,25453.7,23325.5,2.16482e+06,1.88377e+06,9002.4,5590.5,983.3,705.6,199429
492561,544952,925.567,640725,633794,22830.9,21594.4,1.55177e+06,1.40984e+06,5766.4,4029,759.5,761.6,199430
516800,567406,932.679,1.01305e+06,1.00189e+06,30157,29238.2,2.24425e+06,2.04611e+06,6246,4276.2,1005.4,712.5,199443
512436,537621,976.039,516755,533404,10212.2,9571.4,913015,824080,3552.4,2500,435.4,592.2,199525
404511,402163,1029.98,430458,444111,20956.8,20231.1,1.55297e+06,1.38971e+06,2554.7,1782,529.6,581.1,199534
489906,539703,929.528,1.03478e+06,1.05877e+06,22050.3,21103.2,2.28641e+06,2.12387e+06,6700.3,4298.5,734.2,772.1,199580
364750,349367,1069.11,164618,169030,6855.1,6487.1,647792,571268,1281.9,980.1,57.8,334.9,199586
467438,481801,993.476,1.15697e+06,1.21819e+06,41415.8,39889.1,3.19559e+06,2.87825e+06,9222.3,5259.1,1410.8,1123.8,199651
383336,375764,1044.65,415471,428025,18300.1,17092.5,1.69407e+06,1.51429e+06,2618.1,1731.6,322.7,456.3,199652
512908,540321,972.049,1.2004e+06,1.25407e+06,31032.8,30361.8,2.3798e+06,2.16720e+06,5611.9,3749.5,549.3,716.9,199661
351154,328003,1096.28,685823,722726,16067.6,15161.5,1.86581e+06,1.68166e+06,5928.9,3833.5,1036.1,727.2,199854
499508,544552,939.295,1.00833e+06,1.01654e+06,15972.8,15334.9,1.46908e+06,1.34403e+06,6036.2,4096.2,1005.1,676.5,199891
494114,522756,967.901,764192,769301,13589.5,12862.2,1.2044e+06,1.08079e+06,4091.2,2981.2,617.8,634.6,199927
443580,460323,986.76,1.01169e+06,1.0689e+06,18562.5,17901.9,1.94919e+06,1.82318e+06,6494.7,4228.7,662.3,700.2,199966
3.24724e+06,1.25973e+06,2639.59,1.46396e+06,629052,4611.5,2204.8,17447,8086.4,5726.6,2552.9,977.1,732.4,200113
507836,543873,956.151,1.20255e+06,1.2218e+06,25612.3,24581.8,2.35706e+06,2.13571e+06,5221.3,3468.1,561.2,616.5,200144
500529,536016,956.219,1.28544e+06,1.33107e+06,50213.8,49625.8,3.14772e+06,2.90811e+06,6391.2,4356.5,811,647.5,200195
492014,533484,944.405,1.17172e+06,1.1883e+06,23321.2,22731.8,2.05528e+06,1.87157e+06,5124.7,3424.2,411.4,573.3,200201
514818,538390,979.177,603904,619036,14783.2,14250.3,1.19715e+06,1.07657e+06,2606.7,1897.1,432.5,427.1,200209
506665,527986,982.653,896781,898407,16283.3,15152.7,1.26244e+06,1.13008e+06,3014.6,2338.9,225.4,492.2,200242
501344,542660,946.043,1.30822e+06,1.32571e+06,20897.8,19572.7,2.28497e+06,2.07692e+06,5533.8,3591.2,827.8,782,200323
441410,455552,992.228,1.14805e+06,1.21918e+06,27483.1,26570.8,2.80005e+06,2.60653e+06,5587.8,3531.3,718.2,794.9,200379
503452,535075,963.486,1.12284e+06,1.14873e+06,28138.7,27237.6,2.77494e+06,2.56106e+06,5677,3579.1,877.4,734.1,200414
492872,523924,963.316,957748,993605,39827.6,38128.1,2.57702e+06,2.34862e+06,5811,3860.1,925.7,766.2,200494
534901,571828,957.878,1.39293e+06,1.41824e+06,27460.7,25742.1,2.3353e+06,2.06103e+06,4413.5,3071.9,307.5,535.1,200508
500292,525630,974.648,793902,802488,13485.6,12618.7,1.14906e+06,1.03522e+06,3496.4,2688.4,280.7,442.4,200514
608387,603360,1032.53,660780,662394,21573.5,19910,1.69858e+06,1.51063e+06,8365.3,5234,1176.4,1009.6,200535
415689,422658,1007.12,561108,594382,11295.7,10648.3,900085,813712,4338.5,3029.4,516.4,532.1,200639
715024,736205,994.546,1.4334e+06,1.38712e+06,14715.8,13333,1.0308e+06,896338,9531.7,5891.5,998.6,829,200644
555477,578448,983.335,1.54761e+06,1.62813e+06,42202.5,39829.6,2.94362e+06,2.57509e+06,6631.3,4299.9,1012.4,826.4,200676
475572,491290,991.242,849926,910086,14917.4,14399.2,1.28019e+06,1.14267e+06,4048.3,2794.3,447.4,751,200765
540463,557705,992.343,1.30858e+06,1.35942e+06,31234.3,29344.1,2.86722e+06,2.57524e+06,4530.5,3260.9,618.6,611.4,200935
1.28677e+06,1.16581e+06,1130.25,2.40234e+06,2.17916e+06,51978.8,43259.2,4.64651e+06,3.75103e+06,13553.7,8270.2,1501.8,1188.1,200975
479211,502615,976.332,1.31634e+06,1.34719e+06,31724.9,29816.5,2.54517e+06,2.26565e+06,7086.8,4588,899.3,773.2,201048
445784,469053,973.209,1.14107e+06,1.20388e+06,19836.8,19536.1,1.93547e+06,1.80441e+06,5662.5,3667.1,319.4,480,201077
508844,520018,1002,1.05261e+06,1.11058e+06,13620,12845.5,1.37609e+06,1.26251e+06,4411.5,3158.5,262.5,531.9,201253
504149,524090,985.04,985404,1.02064e+06,21951.2,20802.3,1.75632e+06,1.57353e+06,6049.9,4025.9,1022.8,872,201669
511358,534554,979.568,1.03772e+06,1.058e+06,18592.8,17455.3,1.7668e+06,1.59221e+06,6334.5,4075.8,803.1,681.1,201681
503523,522108,987.556,1.01906e+06,1.07801e+06,23623.7,22073.6,2.37055e+06,2.14964e+06,9022.5,5384.8,1302.5,959.6,201695
479815,495948,990.696,1.23102e+06,1.29743e+06,25070,23759.6,1.88169e+06,1.70944e+06,5130.6,3526.9,587.2,757.7,201798
515735,536634,984.123,1.12552e+06,1.18008e+06,18797.6,18109,2.04086e+06,1.86299e+06,5817.1,3862.4,868.4,773.3,202159
518971,552982,961.028,1.527e+06,1.59534e+06,23020.9,22026.8,2.084e+06,1.85713e+06,5707.7,3528.3,542.7,494.6,202888
788874,761083,1061.39,1.72286e+06,1.7081e+06,79446.3,67514.6,4.98872e+06,3.95824e+06,14604.7,8752.9,2219.4,1525.6,202902
526487,553566,973.919,1.32762e+06,1.36473e+06,38964.7,38084.3,2.38638e+06,2.17635e+06,5613.9,3752,522.2,643.3,202963
523443,550158,974.286,1.44444e+06,1.50449e+06,26889.1,25575.3,2.7413e+06,2.44893e+06,5469.5,3585.1,578.8,566.1,203200
470768,495239,973.415,941826,984155,26028.8,25437.5,2.00303e+06,1.82864e+06,7473.5,4685.2,1031.2,904.5,205060
530757,545942,995.528,1.19649e+06,1.23286e+06,22419.1,20540.4,1.68554e+06,1.46562e+06,7011.5,4303.8,946.5,893.3,205529
511022,526160,994.538,1.07416e+06,1.10044e+06,28141.5,25802.3,2.11609e+06,1.84441e+06,7429.4,4711.2,925,792.4,205618
507240,525104,989.163,1.02977e+06,1.06356e+06,30315.7,28959.3,1.91298e+06,1.70181e+06,6936,4319.8,1196,820.8,207290
2.91279e+06,2.26911e+06,1314.48,5.92424e+06,4.70894e+06,11497.5,9013.7,44389.1,30875.4,14904.1,8854.2,1009.5,1010.4,207519
516731,547742,966.035,1.21271e+06,1.26266e+06,37020,34784.9,2.82898e+06,2.48504e+06,6247.8,3787.5,812.3,955.9,207579
508673,528990,984.682,1.45927e+06,1.53313e+06,25146.6,23920.6,2.71954e+06,2.40375e+06,6341.2,4201.9,986.5,868.8,207951
462663,481305,984.338,961032,1.02186e+06,19346.4,18354.8,1.96433e+06,1.8038e+06,6272.1,3884.8,797.4,758.8,208673
502177,531231,968.007,1.07842e+06,1.10627e+06,24082.3,23001.8,2.18867e+06,2.00008e+06,5259.1,3570.1,1003.8,785.5,208865
505521,536776,964.373,1.20703e+06,1.23581e+06,20454.7,20024.7,2.41026e+06,2.21786e+06,6062.1,4001.9,739.9,802.5,208986
454306,471180,987.336,940149,997424,23754.2,23066,2.1451e+06,1.98155e+06,5919.9,4182.4,1056,732.6,209024
489876,526054,953.587,1.08268e+06,1.09747e+06,29783.3,28876.8,2.18876e+06,2.00557e+06,6265.3,3926,1007.9,776.7,209108
462965,490092,967.328,931433,986127,16814.4,16023.4,1.79282e+06,1.63885e+06,6065.8,3752.9,1088.9,901,209271
491771,507498,992.271,1.31342e+06,1.38267e+06,34922.8,33906.8,3.00419e+06,2.68274e+06,6159.4,3826.5,1054.2,811.5,209301
520852,539953,987.777,1.36605e+06,1.42387e+06,26337.3,25133.8,2.04417e+06,1.81341e+06,5506.5,3521.2,422.9,683.2,209309
1.03341e+06,1.03177e+06,1025.64,2.40111e+06,2.3675e+06,50768.9,47718.6,4.662e+06,4.09426e+06,9905.1,6069.5,1139.4,964.2,209401
5.2266e+06,1.73829e+06,3078.91,3.59585e+07,5.66281e+06,63720.5,39794.3,1.39389e+06,1.07230e+06,66451.6,22514.6,5506.5,2077.4,209804
504487,528902,976.742,1.12367e+06,1.15999e+06,14236.4,13373.7,1.17851e+06,1.0256e+06,7220.2,4581.6,795.3,885.3,210207
967859,1.0045e+06,986.651,1.87539e+06,1.95283e+06,54704.5,51724.2,4.47729e+06,4.01882e+06,12780.7,7734.9,1731.8,1090.7,210357
760649,755086,1031.55,1.66933e+06,1.64883e+06,11773.3,10659.5,852741,730425,11696.8,6982.6,1324,893,210786
476726,498424,979.421,1.04359e+06,1.10908e+06,20349.8,19134.7,2.35593e+06,2.15484e+06,5900.2,3673.9,824,826.7,210803
502568,530583,969.943,1.04227e+06,1.06275e+06,23655.2,23216.3,1.89531e+06,1.75464e+06,6287,4095.2,1069.4,739.7,210960
495167,525900,964.165,1.03666e+06,1.04411e+06,10906.9,10721.1,1.1799e+06,1.06178e+06,5966,4120.8,754.3,691.1,211085
491193,523163,961.428,997468,1.00387e+06,22590.5,20659.9,2.28346e+06,2.0734e+06,5905.8,4007.6,774.2,821.4,211483
476841,500647,975.321,1.36798e+06,1.42694e+06,31690.7,30097.3,3.23578e+06,2.94105e+06,6220.7,3969.4,454,509.5,211494
466213,482828,988.77,928206,987221,11064.6,10745.9,1.3698e+06,1.24262e+06,6137.6,3874.8,589.7,618.6,211595
466092,483293,987.563,986452,1.05199e+06,19617.4,18988,1.94691e+06,1.79283e+06,4979.5,3132.5,612.2,555.5,212330
1.32224e+06,1.02904e+06,1315.76,6.31766e+06,5.12241e+06,5478.9,4131.2,23665.6,18101.6,12614,7217,956,875.9,212753
458083,477264,982.861,1.32876e+06,1.38327e+06,34959.5,33649,3.22022e+06,2.92834e+06,6162.7,3443.7,635.6,583.3,213524
492379,509169,990.234,1.46635e+06,1.54551e+06,27812.6,26788.3,2.06679e+06,1.85048e+06,5836.3,3650,656.6,749.7,213533
1.24417e+06,900916,1414.15,1.47661e+06,1.05207e+06,6287.3,5273.8,46514.3,38998.2,5280,2994.2,1361.5,716.4,213756
493480,530680,952.217,988972,1.0294e+06,14396.6,13612.5,1.2186e+06,1.11053e+06,7138.3,4520.7,1004.5,1009.3,214218
519169,554614,958.567,1.24127e+06,1.25825e+06,39555.4,37176.4,2.75381e+06,2.42901e+06,8791.4,5726,1170.4,812.8,214231
486836,503061,990.982,1.44312e+06,1.52656e+06,32919.5,31889.5,2.41612e+06,2.1557e+06,6255.4,3568.6,724.1,563,214433
518460,540799,981.712,1.52635e+06,1.57338e+06,29775,28287.4,2.70562e+06,2.41504e+06,6019.4,3962.1,354.2,845.3,214469
569982,583835,999.707,1.1977e+06,1.24567e+06,35163,31702.5,3.00157e+06,2.56056e+06,9243.9,5450.5,1328.5,925.3,214797
699580,696688,1028.25,1.54381e+06,1.55605e+06,43897,36983,3.38018e+06,2.64556e+06,10103.4,6366.1,1341,1147.3,215331
475800,506154,962.594,1.24008e+06,1.281e+06,32672.9,32429.8,2.85263e+06,2.62558e+06,6686.9,3874.7,783.4,746.6,215354
975345,995298,1003.47,2.15642e+06,2.23848e+06,37545.7,35461.1,3.43704e+06,3.07783e+06,11737.1,7062.8,1239.3,1070,215538
495166,518812,977.336,997434,1.01469e+06,14790.8,14220.4,1.38398e+06,1.26977e+06,7927.3,4818.5,1068.1,949.9,215711
488786,514734,972.39,1.02197e+06,1.07734e+06,30026.4,28710.3,2.20281e+06,2.01304e+06,5750.4,3621.9,740.3,642,215992
510749,530926,985.095,1.26717e+06,1.3228e+06,21484,21184.9,1.61468e+06,1.47789e+06,5874.4,3611.3,711.5,769.2,218054
512644,537602,976.463,1.49193e+06,1.56179e+06,31540.4,29891.4,2.65442e+06,2.35888e+06,6956.3,4604.2,1058.2,814.9,232896
646861,641442,1032.65,1.32794e+06,1.34454e+06,39713.8,36856.1,2.86068e+06,2.54836e+06,15257,8922.6,2298,1379.5,282353
444027,449789,1010.89,1.0401e+06,1.09465e+06,30192.8,29225.9,2.35726e+06,2.16202e+06,5696.9,3562.4,917,801.8,282898
435728,451648,987.903,915595,951597,23858.3,22747.3,2.08953e+06,1.91678e+06,6264.6,3902.5,968.3,891.7,283088
502904,526810,977.536,918274,950741,16896.1,15593.8,1.63265e+06,1.48485e+06,5152.6,3574.5,478.1,549.9,283396
492757,532056,948.378,1.13754e+06,1.16316e+06,20946.9,20316,1.81543e+06,1.67072e+06,5935.4,3873.4,875.3,681.5,283423
455287,478638,974.054,939907,986020,16458.9,15452.6,1.62707e+06,1.48938e+06,7984.7,4465.7,1273.8,848.3,283848
846214,639733,1354.52,2.26209e+06,1.82182e+06,64072.6,48747.9,4.22129e+06,3.10223e+06,11911.8,6240.6,1545.4,1151.1,284036
6.21106e+06,1.3503e+06,4710.14,1.45654e+07,5.35849e+06,15405.3,4092.4,54295.7,13905.4,35570.7,7192,3141.4,1095.1,284086
498512,514613,991.97,872022,892227,14811.5,13874.3,1.20682e+06,1.08788e+06,4613.3,3345.7,530.5,604,284137
469145,489689,981.04,935796,987761,33817.4,33712.9,2.31434e+06,2.12432e+06,7220.5,4550.8,1075.8,878,284149
666335,587391,1161.64,5.17495e+06,4.81142e+06,4873.2,4388.1,14108.8,12806.4,11749.9,6708.4,347,490,284168
452632,463298,1000.43,898612,956195,16282.6,15963.2,1.82564e+06,1.67127e+06,5399,3253.4,672.4,731.6,284365
443058,455317,996.438,831426,879177,16984.9,16248.1,1.52768e+06,1.40396e+06,6564.5,3729.6,642.9,788.4,284543
520882,540591,986.679,1.16078e+06,1.20738e+06,25170.1,23800.5,2.4368e+06,2.21738e+06,5750.1,4091,760.6,554.4,284596
666918,661152,1032.93,1.40966e+06,1.44782e+06,41146.1,36982.4,3.28627e+06,2.8081e+06,9460.7,5639.2,1185.3,934.1,284600
439838,448269,1004.75,862112,919510,26206.6,25050.3,2.08816e+06,1.91578e+06,6920.4,3903,1057.9,777,284718
481743,493223,1000.18,1.34309e+06,1.42589e+06,22976.3,22064,2.12939e+06,1.89712e+06,5811.4,3586.7,534.2,523.6,284976
501631,523468,981.29,834296,848038,24479.7,23426.3,1.74319e+06,1.58838e+06,5406.8,3817.8,802.2,854.1,285094
510712,535239,977.088,769301,795935,12531.5,11914.6,1.024e+06,941846,5642,3724.7,978.4,842.1,285205
445384,466028,978.645,1.00677e+06,1.05407e+06,11265.7,11149.4,1.09819e+06,1.02211e+06,7573.5,4806.6,817.8,784.5,285320
324692,331575,1002.76,350278,330464,1445.9,1747.6,3870.5,3721.4,981.7,904.3,-1.5,384.8,285529
511148,525611,995.827,810229,830101,28141.8,26997.1,1.79613e+06,1.61902e+06,5280.7,3745.3,712,704.3,285799
559169,583615,981.119,1.17191e+06,1.19336e+06,20397,19082.4,1.7401e+06,1.53599e+06,8856.5,5167,1048.1,974.3,286241
522174,560529,953.933,1.46833e+06,1.4909e+06,31274.6,30591.3,2.91467e+06,2.61844e+06,6301.7,4020.9,867.8,761.3,286414
516708,545409,970.115,1.1488e+06,1.17181e+06,24473.6,22990.6,2.40867e+06,2.10631e+06,5135.3,3333.4,609,733.7,286572
464536,480540,989.904,1.12728e+06,1.18952e+06,21626.7,20386.6,2.10665e+06,1.85973e+06,9561,5904.3,1223.9,873.2,286644
518919,536334,990.76,1.04201e+06,1.07676e+06,30108.7,28398.7,2.20296e+06,1.95138e+06,5670.6,4026.1,592,730.8,286654
502053,529752,970.471,1.01335e+06,1.07099e+06,25020.6,23858.5,2.28634e+06,2.09659e+06,5818.6,3667.5,788.1,709.5,286785
505955,527851,981.529,1.04563e+06,1.07831e+06,20212.7,18840.4,1.65915e+06,1.45157e+06,7679,4816.7,974.2,801.8,286880
450270,471610,977.667,1.13611e+06,1.18023e+06,23256.5,22563.2,2.54565e+06,2.35986e+06,5826.2,3418.9,865.8,724,286945
210795,197281,1094.15,157688,160409,1021.4,1073,2885.1,2672.3,929.2,918.8,-2.2,420.8,287147
811076,635679,1306.56,1.82783e+06,1.47264e+06,58590.3,44042.9,4.49851e+06,3.32899e+06,12459.2,7086,1403.1,903.7,287195
702616,705147,1020.33,1.52578e+06,1.53804e+06,43142.4,38594.8,3.28627e+06,2.78743e+06,11732.5,6959.5,1229.5,1093.7,287310
480021,501109,980.916,1.22646e+06,1.29766e+06,23562.6,22648.3,2.08628e+06,1.90532e+06,5573.4,3824.7,761.3,904.2,287323
484827,510115,973.242,1.0122e+06,1.04777e+06,21276.6,20902,1.43732e+06,1.32248e+06,7758.4,4840.2,1130,759.9,287553
455624,477992,976.08,1.02376e+06,1.08769e+06,29495.9,28515.5,2.09454e+06,1.92715e+06,5405.5,3450.8,679.9,631.1,287555
487800,495091,1008.93,1.09058e+06,1.15014e+06,20660,19046.6,2.01612e+06,1.77744e+06,8750.4,5512,1081.1,872,287768
454229,469020,991.713,930383,996959,12859.2,11999.8,1.31931e+06,1.21058e+06,7329.8,4707.4,923.9,780.9,287774
510455,534252,978.395,1.06243e+06,1.11065e+06,34057.6,32747.6,2.19472e+06,2.0019e+06,6029,4054.3,672.1,764.2,288705
373533,375741,1017.99,369540,349036,2023.7,1983.1,5653.6,5128,1901.2,1883.3,422.5,534.3,289631
2.73381e+06,1.09185e+06,2563.93,9.85736e+06,3.45017e+06,14074.1,5870,46591.7,20099.8,21471.4,7526.3,1931.7,942.2,289803
1.50556e+06,1.28007e+06,1204.39,3.77553e+06,3.54896e+06,7995,6671.6,29506.6,24188,12268.4,7475.6,1040.5,1083.5,289899
596876,619430,986.724,1.22414e+06,1.25273e+06,26280.6,23463.5,2.70962e+06,2.33904e+06,8676.1,5184.5,1045.6,802.5,290287
1.26943e+06,588326,2209.5,4.19442e+06,2.43343e+06,7286.2,4052,11779.2,6305.7,19972.7,8853.5,2014.3,1140.7,290390
501548,526825,974.87,1.10526e+06,1.12835e+06,30032.1,28801.9,2.03662e+06,1.83771e+06,4612,3176.3,520.8,640.6,291942
507902,512140,1015.53,158262,158002,3487.1,3497.3,335087,301634,1217.8,1201.4,198.2,465.2,291954
507066,524005,990.907,769810,773001,11115.2,10194,965261,855335,3562.3,2830.5,373.8,481.2,292012
477535,500640,976.757,1.01419e+06,1.04865e+06,16732.7,16093,1.97858e+06,1.82655e+06,7224,4253.1,862.3,565.3,292113
139951,153471,933.827,17563.5,18444.4,42.7,336.3,217.2,673.7,390.4,511.4,174.3,438.1,292167
529055,526423,1029.13,17657.3,16822.7,-2.9,489.6,20699.5,17676.1,74.4,512,138.3,380.7,292216
464868,460470,1033.79,72133.4,69377.5,3066.5,3213.9,270449,224365,579.8,533.7,10.6,322.6,292222
438592,445185,1008.83,639864,609123,18108.3,16773,1.48409e+06,1.26421e+06,2559.5,1852.6,316.3,584.2,292225
616892,625739,1009.53,612672,603900,9033,8228,1.04931e+06,871715,2095.2,1480.1,290.8,522.7,292227
393716,415453,970.434,611151,584180,17149.6,16042.9,1.44432e+06,1.26693e+06,3999.2,3011.9,387.8,497.2,292261
427927,452065,969.326,740279,700544,24639.5,22052.4,1.6747e+06,1.4334e+06,5364.8,3849.6,534.9,628.7,292263
519989,532600,999.753,145388,145433,3465.8,3475.7,245867,222261,270.1,539.7,133.8,395.5,292267
815881,621499,1344.28,201271,160133,10448.9,7879.3,792622,574234,1658,1221.3,121.5,486.7,292274
507140,516545,1005.36,33884.4,31334.9,551.1,668,31655.7,27068.8,45.1,445.2,153.8,410.7,292283
498452,539808,945.548,1.19417e+06,1.25307e+06,13936.7,12916.7,1.50174e+06,1.3524e+06,7891,5192.2,831.5,822.1,292292
666054,678663,1004.98,1.84022e+06,1.87396e+06,52561.9,48104.4,3.82478e+06,3.2356e+06,10442,6709.7,1475.2,1116.2,292295
978572,797688,1256.2,1.62454e+06,1.49594e+06,22892.2,19584,2.06241e+06,1.70263e+06,6256.3,4113.2,431.9,595.3,292321
527669,540170,1000.3,58450.4,55620.5,1334.2,1057,82626,71952,194.8,483.6,-112.3,228.5,292334
456058,481112,970.691,1.06113e+06,1.10651e+06,25280.3,24186.9,2.05388e+06,1.87747e+06,6355.3,4103.7,853.9,756.5,292345
426730,412919,1058.27,212545,199556,1524.5,1719.1,137266,116591,160.8,642.8,-190.7,279.8,292350
551907,551127,1025.46,25743.4,24239.1,73,432.6,30867.7,24446.2,-169.9,276.7,-101.9,302.6,292354
313192,335249,956.631,210855,215043,19939.9,20990.3,22826.9,23035.7,9866.6,6881.3,1242.9,928.8,292355
473102,491606,985.468,1.0099e+06,1.04891e+06,14884.5,14263.2,1.20901e+06,1.12243e+06,7374.8,4434.7,983,682.8,292374
514646,511779,1029.74,31227.4,28310.8,395.3,652.8,25459.1,21902.7,-101.7,266.4,100.4,533.6,292380
494460,530213,954.959,1.03796e+06,1.05429e+06,33627,32798.6,2.37361e+06,2.18164e+06,6060.8,3953.5,735.3,709.6,292381
431064,438347,1006.99,343890,359626,19160.1,17950.4,1.1619e+06,1.00037e+06,1686.8,1336.9,110.6,475.2,292384
465186,461173,1032.92,22920.8,21314.3,1211.4,1290.4,78374.8,63597.5,-278.8,460,52.8,750.2,292391
450133,454803,1013.49,37831.7,35894.5,1119.6,1197.2,113664,96926.8,223.9,551.5,-36.3,316.4,292395
702988,708416,1016.15,1.39612e+06,1.4334e+06,23375.4,22292.3,1.82845e+06,1.64565e+06,15814.5,9813.3,2349.3,1346,292434
230429,263390,895.874,286477,293035,8126.8,7937.6,776365,720363,1664.4,1564.5,226.8,501.5,292453
500889,542219,945.952,1.26381e+06,1.27455e+06,22964.8,22179.6,1.50272e+06,1.37061e+06,4948.5,3535.7,410.9,686,292469
402900,412189,1000.94,1.03537e+06,1.09695e+06,30187.4,29311.3,2.13549e+06,1.98959e+06,5811.5,3313.8,749.2,571.7,292470
455870,482762,966.963,1.18778e+06,1.27178e+06,37366.3,36117,2.37118e+06,2.15109e+06,7503,4944.8,1117.9,822,292471
444426,458359,992.887,145019,148319,5598.6,5287,403472,359579,1933.9,1372.7,273.6,440.8,292478
494521,522692,968.818,786558,785346,16377.9,15994.6,1.69134e+06,1.51254e+06,3526.8,2604.8,320.3,474,292491
1.22434e+06,888604,1410.9,3.31326e+06,2.37985e+06,73912.2,49682.8,6.1146e+06,4.02829e+06,18927.8,9438.5,2213.1,1313.9,292513
210725,233957,922.334,242940,248035,12842.7,12937.4,1.0058e+06,959862,1996.6,1536.2,92.8,492.4,292518
475808,524273,929.34,925233,961474,16583.9,15923.2,1.35968e+06,1.25973e+06,6368.5,4620.3,993.2,777.6,292546
438764,492653,911.997,454544,436443,14334.9,13868.2,1.38779e+06,1.26023e+06,4497.6,3416.3,662.9,612,292555
505634,528081,980.474,974918,1.00851e+06,25015.4,23644.8,2.24073e+06,2.0366e+06,6700.6,4492.4,1121.2,1028.1,292590
517816,583880,908.149,479045,495982,10075.7,10231.8,683503,624684,2998.5,2209.3,294.4,727.6,292594
509389,547034,953.535,1.25151e+06,1.33101e+06,36084.8,35471,2.68254e+06,2.45151e+06,7102.2,4624.6,1091.9,716.7,292645
500493,529474,967.953,1.00402e+06,1.04255e+06,23594.8,22521.8,2.67184e+06,2.43494e+06,5398.6,3561.5,611.8,667.2,292647
1.64314e+06,1.3905e+06,1210.05,3.95703e+06,3.43269e+06,8465.4,7380.7,30361.4,23462.3,12432.2,7828.4,1272.7,1028.5,292717
366557,353073,1063.11,960890,1.0053e+06,28196.1,26754.5,2.36542e+06,2.08093e+06,4113.8,2321,642,661.3,292721
385883,356318,1108.98,373356,371991,13592.4,12395,1.23424e+06,1.04487e+06,2259.4,1375.2,168.9,430.2,292778
1.11189e+06,566969,2008.18,1.10831e+07,5.54455e+06,27559.6,17219.7,712721,482107,33153.1,15099.1,2319.9,1203.3,292797
350914,333866,1076.29,796645,829061,14193.6,13343.6,1.17129e+06,1.06344e+06,6351.1,3729.8,1008.1,804,292821
444923,461837,986.506,1.10727e+06,1.15686e+06,27153.3,25751.6,2.60799e+06,2.40361e+06,6265,3899.7,615.3,892.4,292824
497463,534362,953.294,1.00969e+06,1.04499e+06,24805.6,24123.6,1.98468e+06,1.8149e+06,6955.3,4484.3,899.8,892.1,292831
661853,646858,1047.74,795643,843966,19090.3,18050.3,2.01246e+06,1.80676e+06,10034.1,6363.9,1254,960.1,292871
353878,305944,1184.43,195303,183984,4823.7,4281.7,510839,420732,960.8,1015.6,-26.2,338.5,292881
483175,521100,949.481,1.00825e+06,1.02666e+06,24891.8,23672.5,2.10929e+06,1.94066e+06,6967.2,4587.4,996.2,818.8,292928
1.03318e+06,977849,1081.94,2.63884e+06,2.39971e+06,86079.1,75482.3,6.52976e+06,5.40007e+06,14935.7,8928.3,2206.7,1552.1,292985
510986,546629,957.238,1.50134e+06,1.55397e+06,43999.7,43018.8,3.49016e+06,3.14963e+06,5174.8,3402.7,719.6,846.1,293009
505302,530010,976.267,915819,929867,20840.2,19396.9,1.95465e+06,1.75562e+06,5158.7,3347,286,586.6,293019
488393,520538,960.768,1.0447e+06,1.06071e+06,26525.2,25148.2,2.23558e+06,2.04905e+06,5221.7,3853.1,328.4,479.9,293037
482490,503803,980.684,1.37689e+06,1.4594e+06,31312.4,29850.5,3.11152e+06,2.78657e+06,5451.7,3475.2,642.1,910.7,293044
480850,487382,1010.29,1.05668e+06,1.15274e+06,25378.7,24973.1,1.7085e+06,1.56666e+06,5066.4,3126.3,729.5,720.1,293149
494649,522026,970.301,984842,1.02245e+06,23511,22319.8,1.78183e+06,1.62142e+06,5794.9,3553.3,833.8,550.7,293156
698362,706975,1011.53,1.42486e+06,1.40436e+06,40586.4,37462.4,3.47497e+06,3.08099e+06,13211.3,8236,1702.8,1329.1,293184
496024,519582,977.582,993544,1.01789e+06,34953.1,33623.7,2.53298e+06,2.34042e+06,7723.8,4869.8,959.2,1023.5,293221
817522,585897,1428.82,517839,519027,3115.8,2682.3,15151.7,12671.7,2614,2038.5,473.2,839.4,293230
517413,537102,986.473,939211,976032,17902.9,17186.5,1.42515e+06,1.27351e+06,5263.9,3479.3,753.9,598.4,293261
510073,532160,981.498,730488,734072,8894.4,8394.3,990785,900801,3861.1,2567.6,435.9,590.5,293323
475240,501661,970.078,1.16235e+06,1.21233e+06,20246.3,19327,1.49401e+06,1.38861e+06,6532.3,4281.1,345,564.9,293325
467301,478777,999.457,988731,1.0497e+06,27965,26830.9,2.37328e+06,2.18443e+06,4743.4,3228.4,680.2,714.6,293465
459237,478932,981.897,1.17313e+06,1.22818e+06,15653.3,15725.3,1.63986e+06,1.50954e+06,5982.2,3506.2,706.2,646.7,293558
490776,526183,955.107,998204,1.02477e+06,22314.9,21496.4,1.75759e+06,1.58815e+06,5495.1,3886.2,490,682.5,293603
521357,545384,978.901,1.15635e+06,1.16409e+06,41272.5,38504.8,2.46973e+06,2.15067e+06,7956.3,5211.9,1314.7,1261.4,293794
580350,607937,977.534,1.32112e+06,1.33808e+06,32574.3,31019.6,2.64451e+06,2.38435e+06,7325.8,4631.8,1137.4,819.3,293893
445600,461266,989.224,819533,871841,28129.2,26787.2,1.93624e+06,1.76815e+06,6129.9,3788.4,842,890.6,293915
513552,534381,984.095,959942,993614,28590.5,27312.8,2.12773e+06,1.91072e+06,4986.9,3295.2,635.1,584.7,294275
646701,677532,977.408,1.48515e+06,1.50748e+06,50762.2,48148.5,3.55523e+06,3.18671e+06,10279.6,6706.1,1361.8,1073.6,294522
506371,523025,991.394,1.44825e+06,1.5028e+06,26965.7,25800.5,2.7795e+06,2.51656e+06,6498.2,4418.3,939.3,1044,294591
497073,522200,974.726,1.09766e+06,1.15338e+06,26733.4,25892.9,1.93933e+06,1.76853e+06,5600.6,3500.3,769.3,875.2,294604
692017,685323,1034.01,1.11981e+06,1.18324e+06,4043.4,3965.7,20037.9,18064.3,3986.8,2434,456,481.4,294755
465829,489814,973.869,994479,1.05306e+06,21870.1,20505.6,1.99809e+06,1.8406e+06,4946.6,3245.4,538.8,894.9,294837
485735,502627,989.591,1.22145e+06,1.26205e+06,34329.2,32268.3,3.05495e+06,2.71149e+06,8265.4,4921.5,1169.9,1024.4,294991
525723,564518,953.638,1.50736e+06,1.55257e+06,33493,31641.3,2.8942e+06,2.5813e+06,5223.9,3428.1,419.2,588,295054
444392,455598,998.827,1.01425e+06,1.06903e+06,17748,17170.8,1.79337e+06,1.6612e+06,5551.1,3306.1,614.5,663.1,295461
446488,465141,982.946,948582,1.01432e+06,26083.1,25340.3,1.7207e+06,1.58655e+06,6479.8,3834.7,568.6,866.7,295483
456643,466488,1002.39,802962,857809,17664.7,16996.9,1.25353e+06,1.15038e+06,5481.1,3653.6,617.5,592.7,295780
457204,481059,973.226,1.01892e+06,1.05491e+06,18567.3,18381.5,1.45791e+06,1.35791e+06,7320.1,4572.9,919.4,818.2,295816
524260,543090,988.499,1.47771e+06,1.54414e+06,27739.6,26008.8,2.29483e+06,2.05503e+06,5805.5,3861.3,676.8,798.4,295869
528680,565344,957.604,1.48598e+06,1.53569e+06,32715.4,31102.4,2.09407e+06,1.87169e+06,5173.3,3073.2,708,696.9,295952
510539,531972,982.751,755562,758377,15207.7,14505.3,1.17086e+06,1.06031e+06,3837.7,2713.4,508.1,479.3,296001
500436,531761,963.679,1.00002e+06,1.01365e+06,15676.2,15253.9,1.29328e+06,1.18154e+06,7446.2,4529.2,751,617.1,296515
1.00461e+06,942002,1092.06,2.28115e+06,2.07353e+06,93082.3,80802.9,5.68526e+06,4.75061e+06,13520,8411.1,2147.4,1650.7,296580
829826,631741,1345.09,1.60301e+06,1.25565e+06,41635.4,31284.2,2.80082e+06,2.04063e+06,10961.9,6129.4,1470.2,983.5,296705
445233,457369,996.83,997839,1.05819e+06,37101.2,35687.9,2.64773e+06,2.4222e+06,5177.5,2960.4,767,654.3,296866
455993,460023,1015.04,804827,855908,28346.5,26187.5,2.33182e+06,2.04478e+06,5430.9,3201.2,611.3,603.4,296951
466926,492324,971.18,959559,1.01171e+06,24144.3,23332.4,1.98304e+06,1.82385e+06,6561.5,4197.4,803.5,572.6,296981
518786,573745,925.911,1.53308e+06,1.57831e+06,24041,23648.8,1.63235e+06,1.48322e+06,5865.1,4056.5,400.1,736.2,297022
444227,473100,961.512,980506,1.01265e+06,24792.3,24002.1,1.69733e+06,1.57387e+06,6901.8,4354.7,983.5,755.2,297109
525989,549480,980.237,1.27827e+06,1.28349e+06,40039.5,37904.9,2.52958e+06,2.20128e+06,4175.9,3238.4,722.6,574.2,297145
514685,531618,991.386,332508,348500,7028.3,6584.7,611074,554134,1499.1,1311.1,262.7,422.1,297158
510239,549569,950.717,1.43319e+06,1.4895e+06,34452.9,33539,3.12709e+06,2.87257e+06,6522.2,3963.4,755.8,672.7,297217
422474,226763,1907.8,48567.5,24111.5,2.20832e+07,5.70251e+06,2.09569e+07,5.68991e+06,529.6,512.4,157339,74843.2,297221
519747,549847,967.956,1.33701e+06,1.35701e+06,47482,32492.2,2.2177e+06,1.9784e+06,5105.9,3523.5,471.8,772.4,297223
491457,529237,950.909,1.13428e+06,1.15786e+06,22354.5,21877.4,1.69427e+06,1.50993e+06,7542,4700.1,695.4,733.2,297225
528767,563803,960.371,1.41057e+06,1.44257e+06,35623.2,34118.6,2.40905e+06,2.16737e+06,6683.8,4211.1,643.8,571.4,297233
449976,475459,969.122,991004,1.03646e+06,24708.7,23720.8,2.29024e+06,2.10794e+06,5422.6,3500.9,877.7,623.1,297306
510648,547725,954.69,1.35948e+06,1.39524e+06,16250.9,15484.2,1.38446e+06,1.27104e+06,6135.6,4099.3,557.2,508.4,297328
522297,556320,961.374,1.3537e+06,1.37116e+06,38145.6,35930.3,3.3717e+06,3.05898e+06,5657.2,3648.9,986.9,680.3,297356
449523,466174,987.435,963528,1.01253e+06,16483.2,15800.9,1.80501e+06,1.66355e+06,6637.2,3691.3,665.3,589.1,297372
512487,538403,974.713,874835,872007,20817.1,19353.5,1.78893e+06,1.59936e+06,3469.4,2597.6,438.6,443,297473
504670,523338,987.477,692098,697105,15239.1,14445.4,1.24471e+06,1.13512e+06,4521.9,2991.1,621.2,665.5,297513
478459,504973,970.242,1.0142e+06,1.04791e+06,15144.7,14662.8,1.24036e+06,1.14465e+06,7263.1,4738.2,793.1,758.3,297561
415750,422634,1007.32,864184,899689,17067.8,16182.6,1.41695e+06,1.28888e+06,6963.6,4187.3,862.8,1224.2,297627
529496,553392,979.781,1.25636e+06,1.27634e+06,27791.7,26005.2,1.85502e+06,1.6202e+06,4161.1,2915.7,631.8,530.3,297657
531784,550103,989.911,928634,920531,20380.6,18201.4,1.95403e+06,1.66722e+06,5363.5,3603.7,823.1,841.4,297664
521252,555612,960.68,1.29232e+06,1.33161e+06,21309.8,20365.6,1.70028e+06,1.52815e+06,3880.8,2942.6,449.5,521.4,297682
1.5523e+06,839589,1893.27,8.69364e+06,5.48344e+06,6974.3,4177.1,35171.1,20897.3,16667.7,8557.8,1294.6,832.8,297730
495799,542708,935.496,1.08188e+06,1.11423e+06,30925.4,30222,2.44785e+06,2.27158e+06,6021.4,3845.1,644,570.4,297742
506541,535021,969.498,1.26286e+06,1.30995e+06,36796.8,35734.4,2.5349e+06,2.33592e+06,6217.8,3899.9,871.6,754.6,297768
472912,507261,954.669,1.54084e+06,1.6215e+06,38605,38018.8,2.67447e+06,2.42481e+06,5965.9,4204.1,813.4,748.2,297816
500224,520102,984.874,813429,802834,27017.6,26031.6,1.71962e+06,1.53356e+06,3080,2325.5,385.6,430.8,297854
506216,538204,963.146,990376,1.02112e+06,23174,22226.2,1.97044e+06,1.79455e+06,5098.4,3547.3,484.4,560.8,297864
180135,210456,876.498,640060,697169,738.5,979.9,847.2,1324.1,1299.8,1027.3,131.7,435.1,298015
473409,498481,972.497,1.026e+06,1.069e+06,21532.1,20767.3,1.98495e+06,1.84147e+06,6793.7,4836,926.7,808.8,298043
478222,492766,993.789,1.28487e+06,1.33259e+06,22688.3,22313.9,2.15049e+06,1.97909e+06,6068.8,3771.8,854.2,631.8,298211
433285,443836,999.665,873470,927174,10457,10563.8,1.19396e+06,1.09705e+06,6348.1,3965.3,1008.7,882.5,298247
444796,459904,990.376,1.08981e+06,1.1252e+06,38298.4,36399.8,2.29622e+06,2.04485e+06,8730.3,5021.1,1397.4,951.2,298340
500719,541785,946.384,1.38372e+06,1.43463e+06,14554.1,13710.2,1.72097e+06,1.5835e+06,5830.8,4052.7,700.1,770.5,298391
520024,564876,942.7,1.26974e+06,1.27363e+06,23540.8,21976.1,2.07259e+06,1.83903e+06,8872.7,5953.7,1063.8,816,298413
446169,447280,1021.46,582835,620738,17403.8,16775.2,1.21126e+06,1.12514e+06,4603.2,2934.9,441.9,735.9,298422
505722,540068,958.883,1.15362e+06,1.15124e+06,19718,18035,1.993e+06,1.76234e+06,8353.1,5140.1,1041.6,974.6,298440
456282,465947,1002.77,557375,601057,2065.8,2050,2882.8,2965.9,7743.6,5228.4,709,520.8,298480
728001,724191,1029.4,1.4838e+06,1.4767e+06,51324.1,46278.3,3.74012e+06,3.1673e+06,10761.7,6626.9,1484.8,1078.7,298585
1.53436e+06,911307,1724.1,3.53442e+06,2.03643e+06,143632,85501.1,1.04292e+07,5.55584e+06,30797.6,15299.3,3322.9,2077.1,298680
485632,494797,1005.04,1.25489e+06,1.33059e+06,22573.6,21535.9,2.25356e+06,1.99715e+06,5178.4,3244.4,621.1,725.2,298818
523849,561797,954.839,1.57278e+06,1.62511e+06,22771.1,21263,2.63571e+06,2.38111e+06,6699.7,4621.1,972.1,802.7,298824
530139,555953,976.454,1.23453e+06,1.25217e+06,38318.2,36202,2.8751e+06,2.53482e+06,7387.9,4744.8,669.4,648.7,298828
662379,677330,1001.4,1.28144e+06,1.30342e+06,32830.9,30526.7,2.45626e+06,2.17909e+06,9980,6259.5,1090.3,900.1,298848
491900,532837,945.338,1.15402e+06,1.18049e+06,22032.5,21243.2,1.89042e+06,1.74776e+06,6119.7,4203.7,691.4,683.3,298856
496336,534199,951.432,992606,994857,20612.4,20310.5,2.03717e+06,1.85594e+06,6826.8,4297.8,758.1,620.2,298903
521945,551436,969.242,1.37532e+06,1.40195e+06,33143.1,31351,2.84033e+06,2.50353e+06,4868.4,3414.1,509.8,545.1,299024
446489,463190,987.09,841747,898228,17717,17023,1.9812e+06,1.83386e+06,5273.3,3362.1,781.5,701.8,299091
491393,526189,956.294,1.03479e+06,1.06274e+06,16580.8,16441.6,1.38636e+06,1.28048e+06,7591,5074.5,714.9,629.9,299206
442443,456627,992.197,815413,871028,24161.6,23329,1.58873e+06,1.45612e+06,5321.8,3419.6,638.6,676,299253
477480,491863,994.07,1.0729e+06,1.11906e+06,15410.4,14124.9,1.1751e+06,1.07251e+06,6695,4120.9,724.6,639.2,299325
8.26659e+06,1.1755e+06,7201.21,3.57593e+07,5.64328e+06,42294.2,6057.5,197250,27311.9,104109,17018,7760.9,1486.4,299430
485716,531929,935.039,1.03173e+06,1.04506e+06,29040.5,28269.1,1.99332e+06,1.83808e+06,6287.5,4261.9,736.5,791,299503
520338,561361,949.169,1.26904e+06,1.292e+06,39152.6,36980.2,2.8496e+06,2.52797e+06,8887.8,6008,1444.3,1126.4,299505
500683,529668,967.97,954367,981064,22142.2,21223,1.4861e+06,1.33914e+06,6349.8,4082.4,647,607.3,299617
173955,200195,889.795,316486,347588,3571.6,3715.6,14278.3,14967,1367.5,1135.5,896.9,670.2,299699
479330,490017,1001.67,703538,759390,19945.4,18845.5,1.95742e+06,1.73722e+06,5283.8,3362.3,720.3,729,299738
464708,480767,989.809,855343,908425,21703.7,21212.3,1.71027e+06,1.56872e+06,5108,2994.9,1024.6,681.4,299902
770673,779979,1011.79,1.84093e+06,1.7731e+06,30923.2,26616.9,2.55574e+06,2.10465e+06,10806.3,6911,1373,1010.6,299947
507754,506555,1026.43,95112.8,79530.1,946.4,1044.7,2295.3,2047.1,748.8,724.4,181.2,289.2,300104
512451,531292,987.693,763459,767826,15296.7,14252.6,1.42142e+06,1.25643e+06,3730.7,2451.5,586.3,583.4,300118
433139,448277,989.43,945543,993484,22677.3,21980.5,2.05163e+06,1.89549e+06,6823,3862.4,836.5,788.8,300151
498084,536420,950.825,1.0773e+06,1.11114e+06,28458.8,27537.1,2.08869e+06,1.90924e+06,5098.7,3328.5,741.2,635,300556
498656,530620,962.321,1.06437e+06,1.07432e+06,27032.1,26061.5,2.23502e+06,2.04887e+06,5234.4,3224.5,591.9,602.3,300599
540918,572511,967.504,1.49965e+06,1.55376e+06,55686.5,53562.1,3.845e+06,3.39984e+06,5509.7,3666.2,530.1,909.7,300660
435051,452882,983.686,952151,1.00102e+06,18252.3,17864.8,1.42348e+06,1.31914e+06,8083.3,4730.1,1260.9,841,300689
473419,491797,985.743,1.12127e+06,1.14085e+06,28749.9,27139.8,2.40577e+06,2.1398e+06,7718,4957.2,1067.3,847.9,300743
444921,455609,999.979,908105,971735,8643.3,8230.6,900570,830568,4727.1,3095.2,566.9,579.4,300749
187773,221058,869.818,352653,372972,3649.9,4469,14582.5,15701.4,657.3,665.5,597.3,664.3,300816
495356,532966,951.748,995128,999272,25917.1,24874.4,2.34914e+06,2.14144e+06,6566.1,4229.9,751.6,603.7,300890
500664,526224,974.277,1.45566e+06,1.49991e+06,27095.9,26242.9,2.15642e+06,1.93898e+06,5996.4,3791.6,467.9,807.2,300901
496609,523163,972.03,1.16938e+06,1.21953e+06,21578.3,21626.6,2.25286e+06,2.10049e+06,6458.4,4279.4,734,702.1,301032
511348,531967,984.322,674954,674371,13190.1,12469.4,1.19175e+06,1.05646e+06,2142.9,1804.1,549.8,473.9,301080
502432,530563,969.711,933772,943202,15802,15174.1,1.08572e+06,984375,4422,2871.1,308.5,495.9,301124
474415,487090,997.356,1.35646e+06,1.41245e+06,38976.6,38000.1,3.19337e+06,2.90965e+06,6343.9,3988.3,1084.7,755.7,301263
448804,453457,1013.49,637731,688314,19350.8,19029.6,1.44792e+06,1.33518e+06,5411,3575.8,517,526.5,301382
187955,225153,854.824,358262,382588,3745.4,4296.2,15076.3,16537,977.2,980.8,350.9,512.3,301473
711287,701178,1038.76,1.9325e+06,1.89265e+06,40455.1,34930,4.195e+06,3.43033e+06,13460.4,7982.7,1747,1173,301500
503235,526998,977.838,1.03642e+06,1.07574e+06,30546,29540.3,2.45741e+06,2.23872e+06,5083.3,3271.3,545.6,537.5,301525
786364,770885,1044.57,1.21396e+06,1.13029e+06,31290,26958.8,2.21057e+06,1.7823e+06,6073.8,4117.8,718.3,627.7,301530
462052,472831,1000.67,1.08908e+06,1.16125e+06,26140.8,25066.4,2.43044e+06,2.23318e+06,5151,3146.2,966.3,912.2,301597
432555,441895,1002.37,865684,916391,23322.9,22489.5,2.2999e+06,2.09974e+06,5238.4,2997.2,509.4,677.9,301610
463216,472218,1004.48,1.15431e+06,1.21759e+06,23520.3,22930.5,2.56489e+06,2.33251e+06,5200.7,3269.4,681.9,709.5,301623
509685,539692,967.073,1.15216e+06,1.20108e+06,27738.5,26845.4,2.29584e+06,2.09134e+06,5123.1,3114.4,376.2,645.7,301668
727329,737730,1009.56,1.79528e+06,1.71537e+06,20718,17730.4,1.71526e+06,1.41039e+06,10441.7,6526.9,964,884.7,301678
496569,532839,954.31,1.00078e+06,1.04369e+06,24771,24522.1,2.18754e+06,2.04539e+06,6560.4,4231.3,639.3,768.5,301710
487936,518449,963.735,1.29447e+06,1.32105e+06,37758.1,35628.7,2.98404e+06,2.6532e+06,6232.8,3707.9,848.1,668,301735
452749,454522,1020.01,436782,469353,17334.2,16352.5,1.0777e+06,961321,5569.2,3773.6,839.7,685.5,301810
736247,664489,1134.58,2.26074e+06,2.18914e+06,3238.6,3023.3,48400.8,44602.6,6600.2,4020.4,186.3,421.7,301859
458277,466442,1006.08,562978,604318,20703,20368.9,1.48666e+06,1.36738e+06,3811.1,2391.4,701.3,586,301944
491236,522419,962.882,1.19975e+06,1.25152e+06,16205.8,15790.6,1.49208e+06,1.38781e+06,6683.9,4334.3,600.7,736.2,302053
762578,746302,1046.34,1.89261e+06,1.82136e+06,60044.1,50567.8,4.68789e+06,3.72532e+06,15140.8,8557.8,1878.5,1274.5,302068
503847,536876,961.008,923972,956829,18521.1,17633,1.89016e+06,1.71444e+06,5774,3824.8,706.3,707.1,302152
819214,623645,1345.13,1.45889e+06,1.16618e+06,40546.3,30204.2,3.70021e+06,2.67439e+06,8093,4432,900.2,803.2,302180
530609,554579,979.745,961731,956500,14724.2,13748.6,1.04819e+06,929537,3032,2090,100.9,521.5,302319
1.46231e+06,1.31843e+06,1135.75,4.26297e+06,3.79267e+06,124561,102969,8.77355e+06,5.61785e+06,24552.2,15043.5,3058.2,1974.2,302329
725068,734085,1011.43,1.259e+06,1.21126e+06,17646.5,15794.7,1.64936e+06,1.43257e+06,8976.3,6067.6,1063.3,1174.1,302392
436012,442365,1009.3,837877,886519,14084.3,12943.4,1.28823e+06,1.13784e+06,5964,3467.9,684.5,691.6,302406
456560,474489,985.309,1.0582e+06,1.09353e+06,27975.1,25995.5,2.68343e+06,2.37968e+06,7871.7,4755.5,1220.1,752.7,302457
485802,482350,1031.34,1.30259e+06,1.39902e+06,37711.3,36379.8,2.44446e+06,2.19429e+06,5491.8,3362,812.1,815.7,302547
518245,563782,941.3,1.52627e+06,1.55744e+06,26698.7,25797.5,3.1317e+06,2.82465e+06,5657.4,3907.6,723.9,498,302561
505449,531871,973.141,1.30744e+06,1.34702e+06,40851.6,39507.9,3.04348e+06,2.786e+06,5632.6,3683.7,652.2,500.3,302634
516372,562910,939.352,1.24364e+06,1.24256e+06,32401.5,30792.2,2.83305e+06,2.52178e+06,8211.5,5331.4,1020.1,829.2,302677
442440,457110,991.149,929074,968847,21552.4,20803.4,1.52438e+06,1.40789e+06,6421.7,3771.6,753.3,791.1,302678
488607,537631,930.637,1.01158e+06,1.01904e+06,14287.5,14127,1.43914e+06,1.32294e+06,6604.6,4201.8,868.3,970.6,302698
504237,541657,953.258,1.08627e+06,1.11746e+06,32666.9,31537.6,2.63906e+06,2.41804e+06,5274.2,3551.7,502.2,857,302710
1.05299e+06,744026,1449.23,2.60977e+06,1.90156e+06,65754.6,46015.6,5.32488e+06,3.63481e+06,19826.2,10635.5,2402.3,1242.1,302749
516133,554433,953.264,1.27556e+06,1.30798e+06,23005,21591.2,2.25398e+06,2.0162e+06,5271,3267.6,747.2,620.9,302765
475803,497911,978.545,1.08688e+06,1.12523e+06,34492,33537.6,2.44048e+06,2.25756e+06,5909.2,4036.1,730.6,614.8,302785
440998,450948,1001.41,478860,522493,19693.3,18991.1,1.60658e+06,1.48374e+06,3726.7,2994.9,733,618.4,302794
502558,532933,965.644,1.06048e+06,1.1015e+06,25332.5,24154.6,2.19141e+06,2.00133e+06,7453.2,4688.8,691.1,852.7,302804
542288,560672,990.422,1.44353e+06,1.50347e+06,32471.1,31030.9,2.66841e+06,2.37521e+06,5431.7,3714.2,622.7,578.8,302838
476723,488292,999.747,960594,1.01387e+06,17524.2,16749.2,1.53038e+06,1.40668e+06,4873,3195.9,653,523,302847
497780,527978,965.434,998775,1.01072e+06,30081.6,28791.9,2.14205e+06,1.96279e+06,6984.9,4680.4,911,775.9,303006
432520,451740,980.441,1.01694e+06,1.07602e+06,21391.4,21166.8,2.10998e+06,1.94998e+06,7524.6,4330.1,673.4,659.5,303015
508493,538791,966.43,1.20614e+06,1.23755e+06,20922.9,20198.1,1.99088e+06,1.82596e+06,5691.1,3755.3,717.3,697.3,303049
492484,540506,933.025,1.001e+06,1.0471e+06,20865.5,20181.4,1.97572e+06,1.85295e+06,6970,4451.1,1030.6,780.6,303112
462311,484606,976.9,979352,1.00743e+06,39877.5,39378.6,2.46057e+06,2.27195e+06,7025.8,4500.3,1064.8,796.5,303206
417611,422929,1011.13,947427,988740,21413,20182.6,1.65109e+06,1.51921e+06,5779.6,3451,600.4,927.5,303229
538201,558836,986.195,1.12695e+06,1.11955e+06,23473.9,22395.3,1.77379e+06,1.5446e+06,2930.9,2356.2,358,480.6,303338
342638,303345,1156.64,151892,151765,3659.6,3822.9,4510.4,3962.7,7772.9,5142.5,747.9,703.5,303382
507783,532084,977.239,997371,1.03541e+06,19620.7,18859.2,1.55307e+06,1.41215e+06,5493.8,3401.9,698.6,731.8,303410
991299,902307,1125,2.41294e+06,2.0777e+06,32389.2,26154.6,3.2871e+06,2.60208e+06,12952.4,7953,1419.7,1100.5,303542
431039,440227,1002.63,832889,883404,22044.5,20698.1,2.1356e+06,1.95494e+06,5234.1,3037.7,429.3,478.5,303557
471307,494867,975.255,1.01929e+06,1.05639e+06,14967.4,14489.4,1.42443e+06,1.32354e+06,6852.9,4176.9,856.3,636.1,303631
426339,426532,1023.55,699627,747057,19547.7,18957.2,1.87782e+06,1.70167e+06,6021.3,3479.9,717.6,679.3,303639
427700,437262,1001.62,849231,896415,11077.4,10385.8,1.04693e+06,939184,6168.2,3490,689.1,693.7,303667
486782,511147,975.193,1.31402e+06,1.38913e+06,24529.8,23093,2.72903e+06,2.41710e+06,6604.1,4258.1,672.9,602.5,303707
517122,537620,984.963,1.57075e+06,1.64026e+06,34010.8,33146.7,2.66406e+06,2.4269e+06,6258.7,4114.3,592.7,748.4,303754
1.16334e+06,981896,1213.22,2.32527e+06,1.95722e+06,60196.8,49256.1,5.86672e+06,4.59332e+06,15597.9,8276.5,2083.1,1477.6,303833
492706,534317,944.263,1.00419e+06,1.01066e+06,19640.4,18526.1,2.10214e+06,1.92666e+06,5584.9,4021,784.1,602,303846
451984,476424,971.484,1.04493e+06,1.10199e+06,9475.7,9587.3,784266,754831,7580.3,4771.8,824,569.2,303909
489758,526651,952.27,1.02636e+06,1.04399e+06,44994.6,43729,2.8519e+06,2.61883e+06,5462.8,3982.9,582.1,746.8,303911
444070,459420,989.794,898299,951685,19206.4,18723.5,1.28405e+06,1.16256e+06,5895.8,3707,940.5,633.7,303954
540279,557884,991.692,824183,833262,12958.6,12040.8,1.16166e+06,1.00110e+06,2860.3,2095.9,453.3,450.2,304016
254103,265360,980.558,885676,892807,920.7,1107.8,4029.1,3518.2,2495.6,1988.6,128.7,379,304040
455348,464917,1002.93,552745,599177,30776,29865.7,1.92608e+06,1.74913e+06,4280.8,3125.6,416.9,599.3,304167
544670,563467,989.845,1.17353e+06,1.20613e+06,35435,32857.4,2.63851e+06,2.28479e+06,5649.8,3535.4,472,654.5,304197
497025,528020,963.897,1.01568e+06,1.03778e+06,12969,12604.5,1.46903e+06,1.33751e+06,6563.5,4266.1,914.6,725.7,304459
447873,461264,994.271,989699,1.05181e+06,21449.2,20497.6,1.90032e+06,1.75188e+06,5488.9,3432,934.3,665,304728
555769,592131,961.122,1.14685e+06,1.16508e+06,31534.1,29983.4,2.53222e+06,2.31644e+06,7475.1,4953.5,970.1,851.3,304815
1.01932e+06,1.00441e+06,1039.2,1.99462e+06,1.9694e+06,33033.8,29986.4,2.77106e+06,2.40315e+06,10119.5,6425.8,1390.9,985.8,305322
492882,518654,973.13,1.03158e+06,1.0839e+06,19133,18035.3,1.43216e+06,1.31092e+06,5674.5,3439,621.2,686.8,305444
473822,491215,987.755,1.01289e+06,1.06853e+06,21886.5,20622,2.0839e+06,1.90736e+06,6361.2,3870.8,793.7,651.8,305979
1.00657e+06,991603,1039.46,1.75408e+06,1.72087e+06,44785.3,40879.4,3.13798e+06,2.72233e+06,9024,6026.9,1044,901.9,306356
570881,500801,1167.3,835644,648400,12893.2,8285.6,295282,253161,3058.5,2283,76.4,545.7,306838
456336,468743,996.91,1.25089e+06,1.2985e+06,40990.4,38618,2.56455e+06,2.2751e+06,8036.2,5127.3,921.5,880.1,306932
515410,529226,997.27,856901,838330,8365.1,7742.2,920601,792671,2311.6,1546.9,301.6,441.5,306985
431175,459424,961.035,778754,760796,24330.4,22760.8,1.70634e+06,1.52789e+06,4166.8,3253.7,248.7,409.3,307016
511536,526243,995.387,516093,530894,10918.2,10656.5,821340,734193,1978.4,1712.7,460.6,521.4,307073
489624,528264,949.098,937974,955618,16239.9,15617.4,1.49109e+06,1.36902e+06,6287.8,4799.8,814.5,856.5,307083
537719,575592,956.636,1.47758e+06,1.52409e+06,35113.7,33782.6,3.19147e+06,2.87455e+06,7223.4,4591.1,646.5,730.7,307091
137480,156098,901.878,473134,500622,159.3,575.8,687,1196.4,787.3,912.5,75.6,284.5,307111
2.10466e+06,1.26509e+06,1703.57,123972,83360.9,-237.5,313.9,2563,1654.2,812.8,692.9,149.1,367.3,307119
437551,447447,1001.37,972471,1.02722e+06,27067.2,26204.6,2.12984e+06,1.96119e+06,5878.1,3632.7,583.6,495.9,307147
491271,508542,989.234,724906,694869,11259.9,10222.2,911796,790911,1520.2,1510.6,195.2,441.9,307155
459859,478629,983.852,957355,938613,31898.3,29733.2,2.23859e+06,1.94377e+06,4118.5,2848.7,772.2,669.4,307181
526615,551690,977.461,997073,977696,23294.4,21937,1.41174e+06,1.21326e+06,2288.4,1821,112.2,412.1,307185
468319,497430,964.083,1.24688e+06,1.2494e+06,17890.8,16598.9,1.77882e+06,1.56454e+06,5117.3,3635.8,696.5,766.3,307244
583789,589836,1013.51,1.25408e+06,1.3054e+06,25967.5,24229.3,2.11369e+06,1.89606e+06,11021.4,6742.5,1393.1,1015,307250
482968,456164,1084.18,243745,220431,531.6,508.9,1789.6,1140.5,1103.9,944.4,99,476.5,307264
914495,902097,1038.07,1.36953e+06,1.3608e+06,48419.9,45409.4,3.21848e+06,2.84313e+06,9946,6027,1150.7,826.1,307286
497478,535576,951.156,985305,989427,28308.2,26903.1,1.92976e+06,1.72129e+06,4829.6,3357.9,638.7,805.6,307307
495309,544159,932.084,1.06179e+06,1.05835e+06,19262.6,18462,1.60111e+06,1.43506e+06,5531.4,3862.4,504.3,493.4,307317
424219,440911,985.248,887591,949148,26053.4,24709.1,1.90295e+06,1.75879e+06,6226.6,3678.7,559.8,510.4,307376
467410,502342,952.803,900993,911542,16986.1,16375.9,1.4424e+06,1.31595e+06,6043.3,4244.9,720.1,722.4,307387
699437,681767,1050.55,1.30934e+06,1.36225e+06,32306.1,29528.4,2.50323e+06,2.14428e+06,9637.5,6033,1154.5,961.9,307416
402352,404610,1018.29,183201,189782,9307.7,9035.1,684862,600759,1812.7,1385.5,256.3,532.1,307494
499680,525195,974.257,998963,1.01615e+06,23221.2,22644.8,1.7952e+06,1.65071e+06,6576.8,4284.1,845.6,783.6,307530
411765,430902,978.536,502424,477843,12376.6,11521.5,1.1662e+06,1.02676e+06,2910.1,2129.6,271.8,488.1,307586
459138,472747,994.527,201320,199944,11086.5,10695.5,921610,830496,1951.3,1463.6,323.3,358.4,307602
362864,374480,992.237,413913,381372,11910.2,10746.7,957516,844556,2146.6,1577,478.8,552.2,307620
421442,428439,1007.29,601625,643292,16921.8,16372.7,1.57511e+06,1.43765e+06,4965.2,3189.4,869.1,841.8,307656
414300,410929,1032.4,892414,936449,30097.3,27826.8,2.57337e+06,2.22501e+06,6042,3737.6,774.8,633.4,307660
136155,141233,987.186,87669.9,79803,223.6,473.1,989.8,1222,153.6,435.7,-53.8,395.8,307718
455765,471112,990.659,964824,999808,23413.5,22413.9,2.15403e+06,1.98632e+06,7141.9,4520.8,622.9,693.9,307727
426838,441137,990.808,632789,609580,14095.1,13115.2,1.13414e+06,996538,2644.7,2228.3,451.3,547.2,307762
527980,534619,1011.29,216248,225877,448.9,831.7,45023.9,40621.1,630.3,662.9,-26.2,320,307790
475148,518075,939.157,827008,846145,28355.3,27818.8,1.98679e+06,1.82097e+06,6011.3,3888.2,788,582.6,307803
361850,364461,1016.68,351567,323083,6519.6,5659.8,604665,508621,1437.1,1080.4,385.6,469.8,307813
499779,533860,958.636,1.01528e+06,1.01471e+06,21981.2,20702.1,1.85477e+06,1.67231e+06,5518.6,3876.4,658.8,803.6,307814
394705,391928,1031.28,451583,474444,11634.7,11639.5,905042,825158,4220,2514.4,665.9,663.7,307826
457587,491376,953.586,1.15505e+06,1.15258e+06,21805.2,20561.5,2.08868e+06,1.87119e+06,4846.5,3626.5,759.7,829.4,307835
510040,517877,1008.51,49016.7,48063.4,1461,946.2,85090.9,74784.2,597,732,-47.6,347.1,307846
526402,539681,998.806,1.03979e+06,1.07779e+06,11902.7,11147.2,1.15604e+06,1.03765e+06,4225.3,2985.1,389.9,565.2,307865
502821,536266,960.139,1.15385e+06,1.19877e+06,42626.8,41686.6,2.90415e+06,2.70142e+06,5916.2,3914.8,698.8,848.4,307940
220741,244142,925.872,322611,313694,7395.5,6807.8,773175,697412,1468.5,1159.2,87.1,416.6,307979
530860,554043,981.158,1.29232e+06,1.31087e+06,25754.7,24513.8,1.73682e+06,1.5423e+06,7677.4,4979.4,839.4,612.3,308017
851358,684020,1274.52,1.8569e+06,1.6015e+06,63345.9,51496,4.28607e+06,3.37213e+06,13307.9,7831.7,1637.9,1124.4,308028
538769,520264,1060.44,560416,503772,10388.1,9518.6,1.05898e+06,883061,3013.9,1974.3,154.8,427.3,308031
403754,438941,941.923,768793,756185,12890.7,12001.1,1.26482e+06,1.12872e+06,4110.8,2811.6,555.7,738.5,308046
324093,361048,919.209,401458,393968,8392.6,7772.1,767717,686274,2944.3,2407.3,429.6,669.2,308050
523219,561694,953.868,1.43557e+06,1.5055e+06,42804.4,41398.9,3.4248e+06,3.1334e+06,5892.2,3966.3,835.5,620.6,308050
449956,423118,1088.96,32621.1,28198,182.2,336.1,25422.6,21279.5,240.7,537.8,118.5,377.2,308066
479295,508318,965.543,1.0047e+06,989961,16510.9,15133.7,1.9334e+06,1.67136e+06,3975.4,3326.1,357.1,530.7,308088
2.91774e+06,1.34943e+06,2214.11,9.88601e+06,4.95862e+06,11851.7,5909.7,42491.1,18479.7,55210.8,24189.8,3040,1593,308095
197278,225067,897.581,151162,153367,5341,5003,606170,561980,1751.9,1510.7,-129.3,264.3,308097
579386,541358,1095.94,290434,253182,520.7,426.5,541.8,1710.4,289.6,532.8,-39.7,358.6,308099
478603,460350,1064.61,25326.9,22751.1,256.9,613.9,25218.3,21214.3,-127,356.1,-84.9,337.6,308102
394698,381340,1059.88,27199.7,25943.2,1274.7,1088.2,70580.9,61778.3,-213.3,397.2,76.7,406.2,308113
515654,494440,1067.95,7024.9,6550.8,-482.2,308.6,7910.8,6831.7,-356.9,257.6,73.9,399.5,308114
348525,328497,1086.44,834926,866098,20602.7,19416.9,1.61916e+06,1.43557e+06,4271.1,2686.3,482.5,478.3,308119
115518,137275,861.727,74932.8,77594.2,347.8,562.5,478.5,789.3,424.6,644.8,9.1,379.6,308144
473037,498081,972.514,1.50873e+06,1.59453e+06,33185.9,32460.6,2.98921e+06,2.74596e+06,6834.9,4078.3,669.5,652.7,308149
506049,516568,1003.16,1.35605e+06,1.43286e+06,1.12723e+06,1.20752e+06,2.28511e+06,2.01953e+06,4805.2,3182.7,2214.4,1600.3,308163
493420,530924,951.672,985607,986220,14594.4,14511.5,1.44449e+06,1.32195e+06,5565.7,3940.4,489.2,486,308167
449337,479896,958.808,1.06893e+06,1.05526e+06,36133.8,33973,2.38962e+06,2.08293e+06,4668.2,3403.9,535.8,538.8,308188
1.66103e+06,615137,2765.07,652727,359760,5187,2249.8,16472.8,6330.1,3550.2,1778.4,648.9,433.3,308192
507886,541423,960.582,1.29365e+06,1.32198e+06,43118.1,42020,3.55347e+06,3.22595e+06,5609.5,3909.3,679.5,623.5,308194
518004,557815,950.928,1.4102e+06,1.43098e+06,30692.5,28771.7,2.53881e+06,2.27605e+06,5228.6,3682.3,706.2,701.7,308213
361792,363764,1018.46,711202,752982,20337.4,19295.5,1.87431e+06,1.71275e+06,4961.2,3046.5,839.9,779.7,308235
525545,534703,1006.47,99848.8,99559.7,1174.5,814.5,103858,90753.7,159.3,582.3,181.6,417.1,308236
555616,580467,980.165,1.33261e+06,1.38024e+06,33535.4,33225.8,2.1299e+06,1.93398e+06,7464.2,4791.6,1029.6,734.8,308247
350694,337519,1063.99,756206,792206,26718.6,25200.7,2.34358e+06,2.10362e+06,4133.2,2632.5,274.5,512.6,308265
485956,502613,990.074,557155,535868,8538.6,7883,733036,630435,1326,1337.5,196.6,348.9,308308
367446,349012,1078.09,339117,345716,9246.6,8872.5,709350,641608,3957.3,2428.6,744.8,551.8,308316
859791,620166,1419.67,153074,110428,8024.9,5365,488684,330621,809.8,865.8,-128.5,313.2,308333
472516,481044,1005.85,103138,103855,2925.2,3114.9,248964,220064,583.6,646.9,202.3,377.7,308338
525290,541765,992.868,813669,783041,20434.9,18082.1,1.76396e+06,1.48173e+06,2954.1,1953.2,254.9,431.3,308404
346072,325054,1090.23,796609,827868,18871.5,17715.3,2.00361e+06,1.806e+06,5974.9,3492.4,583.6,923.6,308434
431083,434610,1015.69,453130,425966,2862.1,2430.5,293674,247500,2091.5,1913.9,138.7,455.5,308437
535053,540134,1014.38,104184,99454.5,6287.3,5415.1,492378,417400,767.4,640.1,269,456.5,308484
391764,402906,995.685,470438,441099,9606,8382.2,880209,761726,1695,1747,255,669.5,308498
466035,477450,999.521,1.02733e+06,1.08614e+06,28905.3,27677.1,2.30527e+06,2.02275e+06,5394.6,3366.8,348.2,659.7,308516
445745,454830,1003.56,825792,881770,14542.1,14555.8,1.19792e+06,1.09714e+06,4541.6,3049.2,589.6,580.5,308527
439776,465550,967.321,611089,674271,18371.2,18314.1,1.24684e+06,1.21027e+06,4529.2,3216,529.2,664.3,308535
757608,716811,1082.28,1.10533e+06,1.12861e+06,31414.9,29258.4,2.56584e+06,2.29157e+06,9456.7,5841.9,1128.6,1029,308547
509300,531206,981.782,804304,833774,20772.4,20639.1,1.47897e+06,1.3765e+06,6753.3,4304.4,621,626.6,308553
420444,416532,1033.63,131076,130139,5124.6,4946.1,349676,308142,729,712.7,150.5,542.4,308581
492522,532339,947.413,796353,817303,15964.9,15955.8,1.4593e+06,1.38307e+06,7598.6,4795.9,1160.6,908.1,308584
524410,538088,997.984,297156,311799,7081,7191.2,590467,536458,1056.6,980.7,100.8,265.6,308591
441524,453209,997.599,909752,964202,14024.7,13583.9,1.13478e+06,1.02884e+06,6015.7,3534.3,832.9,798.8,308598
392216,389884,1030.13,1.21957e+06,1.28383e+06,11892.3,11255.9,1.31654e+06,1.18567e+06,5111.1,2975.6,764.1,665.7,308616
361009,357246,1034.8,2.82178e+06,2.99192e+06,2565.7,2526.4,9349.7,10519.7,4893.5,2977.6,-35.1,421,308619
359773,358933,1026.41,875494,923312,26582.8,26021.1,1.85725e+06,1.70754e+06,5937.9,3570.3,941.7,1040.1,308623
440955,452476,997.934,256791,284052,4671.4,4537.4,355783,336319,2977.6,1978.6,215.3,622,308634
426711,466926,935.818,434588,427751,21150.6,20801.8,1.40853e+06,1.27933e+06,5293.6,3708.2,829.6,803.2,308647
472216,479635,1008.17,522471,496693,9307.9,8350.6,859462,742743,1778.2,1441.1,-22.4,421,308650
486230,515886,965.144,1.23519e+06,1.31358e+06,42963.2,40873.6,3.41688e+06,3.07416e+06,6658.6,4220.3,908.6,912.7,308663
466877,488920,977.848,1.28662e+06,1.38128e+06,39412,38649,2.69539e+06,2.47275e+06,6226.3,4149.9,803.9,879.4,308680
523098,538386,994.925,799968,779708,13352.3,12594.9,907947,778909,3110.2,2582.6,357.5,798.2,308695
351420,309173,1163.94,589148,578946,11613.9,10120.2,1.15135e+06,961009,2483.9,2265,208.4,368.9,308701
687002,453416,1551.56,1.34677e+06,950322,18909.8,12624.5,1.99401e+06,1.32782e+06,7808,5518.2,890.4,832.3,308706
795760,469862,1734.27,840111,762265,15644.6,13123.9,1.72561e+06,1.38746e+06,4700.9,3220.4,589.1,672,308727
460106,463962,1015.49,622669,591622,12370.7,11389.5,1.04413e+06,902159,1893,1629.2,100.6,415,308744
440665,463937,972.635,1.05886e+06,1.13459e+06,25116.8,25370.2,2.3586e+06,2.21701e+06,5497.8,3607.4,778.2,804.6,308753
647516,617223,1074.27,63364.9,56973.3,3021.3,2632.8,256737,201496,632.1,553.4,101.6,474,308756
433004,459272,965.431,1.08615e+06,1.17161e+06,20469.7,20761.8,1.94404e+06,1.82551e+06,5574.9,3318.9,784.8,608.8,308776
355025,342827,1060.44,771465,806268,16501.9,16185.8,1.59759e+06,1.46239e+06,4405.9,2690.7,487.7,695.5,308788
893031,470105,1945.24,790961,800446,24098.8,22008.8,2.01553e+06,1.72925e+06,3866.1,2518.8,1116.6,575.8,308791
464363,506486,938.846,543209,539035,20533.4,19696.3,1.37235e+06,1.24736e+06,4679.7,3606.8,610.2,608.8,308793
484918,535439,927.392,526329,513918,10627.7,10198.9,1.04397e+06,965990,4334.4,3497.3,502.3,679.2,308814
387574,339748,1168.16,1.03954e+06,1.03732e+06,18558.1,16887.4,1.82552e+06,1.55744e+06,2743.8,2962.9,196.5,591.7,308817
423268,459545,943.166,545286,537908,21039,20312.4,1.61127e+06,1.45602e+06,4264.4,3154.1,89.8,380,308821
451939,478129,967.911,867670,924329,17700.4,17459.1,2.01543e+06,1.90881e+06,7151.9,4598.6,798.6,856.9,308831
445232,464747,981.007,1.22631e+06,1.30806e+06,24368.9,23966,2.61009e+06,2.43228e+06,5471.7,3530.4,526.8,709,308846
463298,499890,949.046,794534,837884,13882,14204.8,1.12699e+06,1.07074e+06,6462.7,4063.5,698.6,686.9,308875
766090,769808,1019.05,1.55557e+06,1.48795e+06,28634.2,25498.9,2.40531e+06,2.03181e+06,9261.8,6195.5,1122.1,815.9,308878
426399,468640,931.701,556095,556656,24065,23700.3,1.76644e+06,1.60808e+06,3906.7,2932.9,618.9,590.6,308892
469602,530464,906.525,13915.7,14364.8,292,471.4,11683.2,11421.3,16.3,404.6,-235.7,189.6,308900
501205,529490,969.301,909168,933457,20543.5,19868.6,1.57371e+06,1.42349e+06,4770.8,3075.2,503.4,560.9,308905
344393,325312,1084.06,859510,892264,24916.9,24289.4,1.56034e+06,1.43042e+06,4974.2,3172.7,683,903.8,308913
380937,373737,1043.73,73328.9,72901.4,3330.7,3329.5,228416,200072,921.7,611.3,-3.5,312.6,308918
462416,510327,927.876,614448,614298,12774.3,12623.2,1.16834e+06,1.06377e+06,5509.1,3981.7,607.6,686,308925
492237,532227,947.064,976982,1.00681e+06,19190.4,17962,1.50559e+06,1.37075e+06,5877,3691.8,552.6,563.2,308961
406082,407395,1020.7,63572.1,61969.8,3309.3,3318.8,203469,173216,598.4,505.5,439.7,399.9,308963
485085,527006,942.555,978421,999691,29370.9,27713.4,2.85241e+06,2.60641e+06,6284,4345.2,811.9,691.9,308969
620835,631782,1006.27,876723,842036,12403.6,11167.8,979862,826597,3868.6,2468.4,476.4,441.8,308973
325716,329897,1011.03,284619,273130,7012.9,6792.5,4932.9,5515.7,4940.8,3774,511.2,590.9,308992
504784,524473,985.56,425311,424970,7249.8,6654,479995,425916,1157.7,1155.5,101.9,306.7,308994
495988,532448,953.894,901865,963178,22586.6,22211,1.72874e+06,1.63489e+06,6974.3,4513.8,573.2,592.2,309003
401703,431238,953.881,623695,620472,9794.5,9532.4,869403,785053,4758.1,3316.5,210.9,518.4,309003
486249,535883,929.161,710182,707037,21748.9,21768.7,1.4316e+06,1.34257e+06,5107.7,3784.8,587.4,747,309028
469164,520610,922.811,550006,545024,16863.7,16117.1,1.60445e+06,1.46295e+06,6212,4388.1,711.2,758.7,309052
410005,414379,1013.2,1.29513e+06,1.37078e+06,28455.8,27600.8,2.50926e+06,2.25211e+06,5677.3,3522.5,621.3,633.9,309059
2.85585e+06,1.28325e+06,2278.89,2.1099e+07,5.66454e+06,24580.1,10878.6,81562.9,35844.9,63240.5,25360.8,4178.6,1955.6,309143
487912,510960,977.826,994838,1.04301e+06,14935,13464.8,1.24237e+06,1.10669e+06,6232.3,3969.5,791.2,630,309215
439304,454713,989.302,1.02172e+06,1.08077e+06,29957.1,28903.4,1.71677e+06,1.57836e+06,6832.7,3997.1,854.6,880.4,309252
904703,710462,1303.97,1.19062e+06,918360,19241.9,14279.4,1.59163e+06,1.17355e+06,4340.1,2915.1,410.5,555.2,309253
441770,457800,988.143,1.08901e+06,1.14507e+06,28262.4,27079.5,2.52733e+06,2.32377e+06,5300.2,3229.7,490.7,497.5,309273
506209,568619,911.613,1.21292e+06,1.2572e+06,36906.1,36499,2.74865e+06,2.53699e+06,5534.1,3628.2,675.3,544.5,309281
516192,491776,1074.84,458386,414471,2731.3,2601.4,3772.5,3702.7,2275.2,2037.7,105.8,465.4,309282
482205,510919,966.463,1.29858e+06,1.39806e+06,22526.3,22948.5,2.28871e+06,2.12269e+06,6137.2,3824.3,653,699.5,309289
182998,205127,913.563,346960,378976,3168.1,3432.6,10903.3,12567.9,592.8,647.7,295.3,609.9,309295
492236,534421,943.177,1.00402e+06,1.03275e+06,13642.1,13399.5,1.31769e+06,1.2149e+06,5987.6,3905.5,562,592.5,309300
514110,559822,940.395,858831,854094,36125.1,33681.7,2.06468e+06,1.78823e+06,6157.7,4068.8,617.5,587,309365
433918,448027,991.759,1.00792e+06,1.06242e+06,32967.3,32509.8,2.01722e+06,1.85709e+06,6156,3472.7,841.2,572.8,309381
1.00406e+06,855750,1201.47,2.131e+06,1.79378e+06,55852.7,44578.1,4.71201e+06,3.65076e+06,13955.4,8536.6,1489.2,1188.7,309396
742922,729372,1043.03,446359,449737,11403.9,9932,729611,635506,2170,1627.8,182.8,400.2,309417
479368,495274,991.117,826168,888504,18418.9,18913.7,1.5133e+06,1.40198e+06,4789.9,3241.7,403.6,739.3,309476
504070,531113,971.861,1.08379e+06,1.10042e+06,24720.6,23559.5,1.83651e+06,1.65394e+06,4346.1,3103.7,270.9,472.9,309503
541504,552933,1002.84,525166,524681,5749.3,5769.7,477051,411610,1208.6,1312.3,185.3,533.3,309532
200020,222014,922.577,230935,237956,348.4,656,1317.9,904.3,270.5,643,-41.5,381.9,309585
428144,428007,1024.34,853358,900595,16914.6,16740.5,1.25648e+06,1.14991e+06,5056,3034.3,675.1,750,309633
517652,543779,974.805,929374,923032,18488.1,16981.9,1.68439e+06,1.45438e+06,5751.6,4154,838.4,712.1,309654
588114,622464,967.491,1.5806e+06,1.6082e+06,47425.1,45877.1,3.64534e+06,3.26387e+06,8824,5858.6,1031.7,966.3,309731
687841,693752,1015.29,1.93217e+06,1.95495e+06,66734.6,61561.6,4.69516e+06,4.0094e+06,12573.4,7457.6,1424.2,1162.3,309760
430322,450948,977.171,1.08588e+06,1.14625e+06,15146.2,14455.5,1.32515e+06,1.22199e+06,5463.8,3507.5,468.2,454.6,309770
588653,619834,972.49,1.20938e+06,1.24446e+06,55007.6,49819.8,3.42016e+06,2.95155e+06,9304.2,5891.9,809.8,767.7,309777
524308,566467,947.793,1.49426e+06,1.51341e+06,27842.7,26233,2.11350e+06,1.88649e+06,4469.6,3544.2,287.5,496.9,309779
497339,530799,959.462,1.04939e+06,1.06653e+06,15396.1,14953.6,1.09231e+06,985186,5851.4,4004.2,626.8,672.4,309806
2.0467e+06,1.03372e+06,2027.46,1.25277e+07,5.66273e+06,13101.4,7100.7,51589.7,25977.7,35779.3,17289.2,2034.2,1182.5,309810
507610,557816,931.848,1.16293e+06,1.19992e+06,20122.6,19964.9,1.69807e+06,1.55751e+06,5859.8,3925.9,618.6,694.1,309825
500517,527692,971.272,993678,999109,29712.4,28711.1,2.6235e+06,2.38053e+06,7425.9,5085.2,1081.7,903,309848
503362,539839,954.819,937876,934120,33754.8,31843.3,2.51635e+06,2.26156e+06,4448.4,3251.8,774,544.6,309892
445662,453989,1005.23,766518,827512,11769.3,11266.1,1.03825e+06,965589,4971.6,3265.1,280.3,604.5,309908
501238,530311,967.875,1.02915e+06,1.01793e+06,27537.8,25732,2.1363e+06,1.86817e+06,6733.3,4634.5,712.4,690.6,309909
449916,467505,985.474,970527,1.0317e+06,29906.2,28368.1,2.65144e+06,2.41428e+06,4820.5,2901.4,758.3,738.2,309978
470710,491228,981.237,1.06194e+06,1.10553e+06,28001,27522.6,2.34856e+06,2.18286e+06,6556.2,4129.1,581.5,597.2,309981
516312,553404,955.371,1.58885e+06,1.63902e+06,26508.5,25806.7,2.28928e+06,2.06933e+06,6047,3870,472.1,561.5,309993
605657,639345,970.044,1.42973e+06,1.38229e+06,42349.4,38115.5,3.38006e+06,2.8591e+06,7860,5280.5,982.9,858.3,310058
557736,602761,947.511,1.1853e+06,1.20505e+06,27769.5,26165.9,2.77989e+06,2.55803e+06,7836.6,5152,842.9,882.4,310068
504114,535561,963.875,1.01009e+06,1.02315e+06,19964.5,18839.1,2.2049e+06,1.96552e+06,5527.5,3810.5,644.6,809.3,310100
439127,456602,984.813,1.14333e+06,1.21518e+06,16654.3,16480.4,1.40803e+06,1.3329e+06,5917,3402.4,837,859.7,310129
495703,537850,943.761,994571,1.00943e+06,33212.2,32050.2,2.59104e+06,2.36948e+06,5722.9,3723.4,766.3,669.8,310202
506180,542002,956.325,1.0705e+06,1.08717e+06,13768.3,13579.6,1.20545e+06,1.09976e+06,4973.6,3497,571.5,760.6,310203
449531,473162,972.862,947668,994263,22732.2,21761.6,2.03093e+06,1.86771e+06,6458.1,4108.7,1174.9,755,310209
127872,152660,857.745,475770,517401,1041.7,1235.8,2620.2,2993.4,1966.9,1611.3,32.5,251,310294
466014,484239,985.475,1.2606e+06,1.33208e+06,24783.9,24171,2.28073e+06,2.12006e+06,5971.9,3874.5,626.1,719.1,310332
412769,415947,1016.18,795090,839942,22274.5,21698.5,1.94323e+06,1.77393e+06,5287.9,3128.9,672,688.2,310362
1.22868e+06,1.04213e+06,1207.32,3.33355e+06,2.88604e+06,96396.3,78807.5,7.31243e+06,5.49779e+06,20001.8,10853.9,2605.7,1622.1,310382
416455,436373,977.269,841894,882798,17540.7,16658.1,1.45687e+06,1.31287e+06,5356.9,3327.9,805,549.6,310406
833982,640492,1333.36,2.3344e+06,1.89001e+06,55727.2,42369.1,4.97616e+06,3.66673e+06,12621.5,6763.3,1393.7,1069.1,310409
525212,568294,946.38,1.42462e+06,1.45586e+06,15200.5,14514,1.57319e+06,1.4247e+06,6321.4,4161.3,698.1,660,310531
550976,565383,997.918,995073,1.03443e+06,41065.4,37646.2,3.7484e+06,3.28938e+06,8061,4983,1068.4,802.7,310574
504918,529262,976.911,892076,925182,26104.1,25316.1,1.90921e+06,1.74446e+06,5770.2,3693.7,702.5,748.2,310792
492842,501645,1006.04,1.16331e+06,1.2372e+06,27332.1,25697.9,2.25737e+06,2.01955e+06,5112.7,3610.8,943.8,506.2,310882
469545,496797,967.837,1.09264e+06,1.12605e+06,15361.8,15278.7,1.68545e+06,1.56049e+06,5822.9,3723.3,621,659.6,310985
459670,472354,996.506,1.35197e+06,1.42214e+06,18165.6,17614.1,1.99085e+06,1.82443e+06,5991.4,3982.5,684.7,624.9,311310
534903,571574,958.312,1.43795e+06,1.49262e+06,45816.2,44079.7,2.97647e+06,2.65581e+06,5490.4,3698.7,622.3,854.3,311531
499273,519314,984.484,856356,905824,17956.4,17454,1.71873e+06,1.56158e+06,5611.8,3334.7,594.1,553.3,311724
459174,469214,1002.1,1.12217e+06,1.19593e+06,30694.5,29822.4,2.35032e+06,2.1564e+06,5478.3,3441.7,577.6,546.2,311758
501725,521105,985.919,989223,1.03147e+06,21827.7,21087.4,1.92944e+06,1.76109e+06,5028.7,3211,647.2,680.7,311895
505963,536087,966.472,1.07609e+06,1.12142e+06,37648.3,36824,2.56471e+06,2.34247e+06,5885.7,3919.4,617.7,582.1,311982
504529,539092,958.354,1.12747e+06,1.15652e+06,36362.5,34904.4,2.71949e+06,2.47972e+06,5455.3,3674.9,697.3,903.6,312021
632233,640626,1010.59,1.85671e+06,1.93181e+06,45033.8,41667.6,3.06357e+06,2.63574e+06,8100.9,4928.9,986.8,888.5,312071
1.03455e+06,759313,1395.19,2.24727e+06,1.71305e+06,81667.8,57224.6,6.19048e+06,4.19003e+06,13706.3,7837.4,1196.8,891.3,312079
470318,497541,967.982,1.32117e+06,1.39036e+06,27655,27084.4,2.13092e+06,1.97129e+06,6265.5,4172.1,872.2,556.4,312194
353989,334264,1084.45,1.18581e+06,1.22999e+06,1720.2,1755.8,7135.6,6909,3276.7,2451.8,339,433.2,312198
285369,329570,886.669,113056,122691,-162.4,429.2,705.3,1132.9,774.9,594.6,-41.7,315.3,312443
183804,206853,909.921,410046,439948,874,1524.2,3703,3622.6,1709.4,1831.9,308.4,471.5,312477
511892,543302,964.81,1.40574e+06,1.4312e+06,28926.2,27986.1,2.16256e+06,1.9399e+06,5751.2,3967.2,576.7,664.1,312614
503144,554641,928.924,1.31443e+06,1.34472e+06,25280.1,23999.6,2.06812e+06,1.87602e+06,5539.6,3841.7,953,715.5,312627
1.06212e+06,1.11203e+06,978.043,2.55577e+06,2.57892e+06,72254,69375.4,4.92068e+06,4.40851e+06,15248.4,9650.6,1758.4,1218.2,312695
506240,534078,970.635,994232,1.0337e+06,19620.5,18640.4,1.70195e+06,1.5563e+06,6906.2,4403.4,909.6,850.6,312793
447548,471710,971.561,958072,990637,10696.4,10132.4,1.16602e+06,1.0711e+06,6883.8,3997.8,812.6,702.2,312854
446848,460845,992.908,892799,947808,12446.1,11681.8,1.05103e+06,961632,6323.8,3652.5,575.8,629.2,312908
482528,500568,987.094,1.12069e+06,1.18006e+06,17429.5,16965.2,1.40886e+06,1.27921e+06,5322.4,3390.2,858.5,877.7,313219
874378,753991,1187.51,1.99233e+06,1.71519e+06,50941.6,41205.9,4.50205e+06,3.49961e+06,15023.4,8543,1808.5,1314.9,313281
1.22719e+06,1.19186e+06,1054.36,2.66297e+06,2.62247e+06,92317.1,79922.1,6.44946e+06,5.23409e+06,15393.3,9694.1,1379.1,1149.8,313315
458869,478816,981.357,1.05918e+06,1.09509e+06,26836.3,26709.8,2.27233e+06,2.10636e+06,6233.4,3886,914,739.2,313410
581930,605047,984.886,1.35862e+06,1.38897e+06,26234.2,25001,1.95352e+06,1.74252e+06,7459.8,5196,935.5,1065.1,314260
513973,545671,964.528,1.17272e+06,1.19509e+06,25538.8,23790.4,1.80535e+06,1.57557e+06,7269.5,4575.8,939.2,811.6,314637
555610,568877,1000.13,1.23459e+06,1.26729e+06,32718.1,29308.7,3.22628e+06,2.73479e+06,8562.1,5253.7,1049.7,866.4,314767
1.53324e+06,615693,2550.06,2.75154e+06,1.29831e+06,5815.6,2831.2,16445,6881.3,7686.4,3274.9,817.8,529.8,314851
458560,482561,973.071,928237,986208,18028.8,17717.6,1.90562e+06,1.73656e+06,5338.7,3216.7,559,506.4,314869
501668,526092,976.467,664095,658340,14619,13748.5,1.07985e+06,968990,4358.9,3000.4,304.6,424,314904
1.01676e+06,811826,1282.49,2.30625e+06,1.78282e+06,51271.4,39643.3,4.7559e+06,3.59614e+06,13592.2,7906.8,1857.3,1263.8,315033
469602,484605,992.307,987337,1.04853e+06,42257.4,39188.7,3.12971e+06,2.77761e+06,7537.6,4726.9,1264,903.5,315111
600093,637121,964.488,1.287e+06,1.25472e+06,28879.4,26549.1,2.56961e+06,2.22869e+06,7169.3,4933.5,845.9,717.3,315251
261396,234377,1142.05,153110,150335,2273.6,2066.9,7153.2,6545.5,1083.1,899,182.1,505.9,315315
526438,525229,1026.37,22884,21009.7,552.5,707,42619.5,34534,39.6,626.2,-113.4,369.8,315437
433217,442519,1002.49,868574,921676,29343.8,28079.7,2.26613e+06,2.07638e+06,5806.4,3754.3,877.3,870.3,315494
441524,449968,1004.78,189463,193456,5880.6,6183.6,457686,410129,1866.8,1504.1,329.2,469.4,315509
443749,451906,1005.52,1.18685e+06,1.23902e+06,34120.6,32196.6,2.82574e+06,2.50866e+06,5734.2,3375.6,644.8,586,315522
399604,407973,1003.01,488504,485226,767.4,1163.3,1708.7,1106.5,1574.3,936.9,166.4,320.4,315546
529692,528716,1025.9,65425,64608.7,867.2,1095.7,94834.5,83041,314.3,438.8,213.2,365.8,315560
523947,566921,946.38,1.45163e+06,1.48477e+06,32529.8,30701.8,2.64265e+06,2.36804e+06,5934.7,3865.3,497.1,705.2,315564
973313,934483,1066.55,1.8848e+06,1.67041e+06,49513.9,44072.3,3.0894e+06,2.57124e+06,11817.2,6849.3,1320,1124.8,315616
542140,562604,986.758,391183,409904,3493.6,3709.1,370552,325424,1082.5,1172.2,154.3,618.6,315637
518412,554826,956.796,1.41663e+06,1.43089e+06,26512.2,25274.9,1.9685e+06,1.7478e+06,5340.9,3654.7,399.7,465.7,315641
811226,663709,1251.61,921861,732100,31572.3,24025.4,2.45163e+06,1.81847e+06,8131.6,5019.6,675.6,969.2,315645
537611,535438,1028.17,46336.4,43204.9,938.3,1138,101734,88073.3,110.2,450.8,-56.2,335.2,315651
486474,512024,972.917,1.04628e+06,1.08005e+06,3752.8,3623.8,253863,235078,6647.2,4131,828.6,620.3,315659
342217,364145,962.34,438712,413061,305.9,631.8,8170,6799.1,1644.8,1171.9,54.6,363.7,315663
550481,558993,1008.41,24638.9,23512.2,340.3,577.8,31917.9,26231.4,13.6,377.1,-74.7,367.4,315668
523440,529226,1012.81,30039.6,26675.3,611,659.3,42361.6,35509.9,-11.5,573.4,228.6,466.3,315674
316339,342966,944.514,170330,178487,184.3,358.7,927,1047.1,90.8,382.9,-66.4,393.5,315690
524647,565042,950.797,1.46049e+06,1.49242e+06,23705.1,22942.3,1.84437e+06,1.66813e+06,6151.2,3913.1,1025.2,743,315695
485102,517044,960.745,1.46032e+06,1.52877e+06,38033.3,36552.9,2.8391e+06,2.55465e+06,6781.8,4360,712.7,693.5,315717
503503,505556,1019.85,529558,506401,8343.3,7249.8,521319,446760,1123.7,1144,132.1,454.6,315735
511753,514993,1017.56,60121.5,58866.5,335.2,692.3,44273,39560.2,193.5,456.7,91,391.5,315745
433455,474186,936.046,469650,458512,7535,7779.5,781264,715941,3789.6,2916.6,311.2,491.8,315766
532937,492348,1108.43,1.86964e+06,1.75829e+06,2533.9,2054.2,22637.7,19814.1,6024.4,4215.3,458.3,514.4,315776
421522,416240,1036.99,395240,371661,5072.6,4670.6,559786,480833,1318.5,1060.4,-58.8,328.2,315786
252111,273071,945.425,270105,255136,4028.8,3728.5,442750,398180,1923,1274,88.3,388.4,315790
641325,632427,1038.41,1.37182e+06,1.40971e+06,26418.1,23898.4,2.65089e+06,2.24455e+06,12790,7657.1,1664,1067.5,315806
405164,394587,1051.46,40893.3,38484.9,2010.5,1955.7,179327,149838,409.5,649.2,127.7,283.4,315838
517769,541388,979.332,896073,885517,18873.2,17359.5,1.67972e+06,1.43550e+06,3839.2,2854.5,474.6,754.6,315863
509484,542268,962.099,1.40471e+06,1.43582e+06,21966.7,20894.7,2.15007e+06,1.95157e+06,6262.4,4096.3,517.6,516.8,315869
509497,459350,1135.8,232691,231016,7957,7482.2,627079,525594,3492.4,2042.3,635.5,601.2,315871
505062,539052,959.438,1.33026e+06,1.39121e+06,30330.9,29691.6,2.2467e+06,2.08546e+06,6163.5,4068.6,631.4,787.4,315881
1.07412e+06,915799,1201.04,2.43205e+06,1.96057e+06,62714.6,48331.2,5.34492e+06,3.98354e+06,13626.5,8761.3,1785.2,1334,315922
170499,212446,821.832,128051,135222,1918.9,1920.5,7522.5,8582.5,572.1,467,582.2,718.8,315933
541650,562388,986.247,990508,997791,20504.4,18517.4,1.87509e+06,1.61956e+06,4839.6,3449.7,694.3,930.5,315949
480207,487075,1009.57,620568,593768,6346.5,5965.4,491494,421835,1780,1199,-165.5,420.9,315968
506308,537621,964.367,1.24484e+06,1.29175e+06,19433.8,19173.5,1.58801e+06,1.47236e+06,6087.4,3908.1,976.6,715.4,315985
483325,540722,915.306,632455,608959,14766.4,14367.8,1.46327e+06,1.3565e+06,4997.8,3540.7,401.7,602.9,315987
248203,284600,893.066,105110,111967,6991.3,7657.8,6811.4,8426.6,6951.7,4901.2,714.7,648,316000
790568,563539,1436.54,674832,490116,28085.5,20508.3,2.04078e+06,1.43809e+06,10386.3,6063,1253,926.6,316019
347049,330542,1075.15,354418,358480,13384.4,12571.4,1.03509e+06,906392,3218.2,2224.8,432.5,477.3,316024
371065,351248,1081.77,558526,568416,18671.9,17832.9,1.55644e+06,1.35181e+06,2871.1,1948.7,459,626,316034
508784,538727,967.097,1.3207e+06,1.40826e+06,41513.9,40971.9,3.28714e+06,3.04983e+06,9257.7,5502.6,1288,864.3,316037
450497,476287,968.565,847470,834284,22377.7,21410.4,1.79069e+06,1.60814e+06,4961.5,3866,593.2,786.2,316038
634513,507096,1281.32,11766.9,9870.7,-6.3,371.1,-1806.5,499.8,-391.1,323.4,-50.4,355.8,316042
353326,321359,1125.89,936832,962282,16070,15595.2,1.3972e+06,1.24331e+06,4743,2853.9,383.6,453.5,316046
1.2666e+06,812584,1596.15,2.77712e+06,1.88983e+06,8873.6,5988.3,24210.3,17254.4,8513.3,4659.9,714.7,644.8,316052
769409,752125,1047.54,1.0685e+06,972806,12267.4,9962.3,729880,554329,4723.8,2979.6,361.4,638,316073
819577,615480,1363.58,1.7251e+06,1.34386e+06,48199,35754.7,4.04151e+06,2.91336e+06,12242.6,6584.4,1559,1067.6,316079
447266,452208,1012.81,519426,558252,14017.6,13544.8,1.04768e+06,960769,4108,2846.3,376.4,496.9,316084
481079,502361,980.62,1.39804e+06,1.47598e+06,25379.7,24697.4,1.88017e+06,1.67424e+06,6117.8,3698.5,720.8,484.6,316122
499398,546666,935.461,852756,880610,31754.3,30891.8,2.28797e+06,2.09612e+06,5882.7,3903.8,1142.7,894.9,316145
443506,464011,978.753,913835,977092,8185.4,7745.8,562146,519946,6571.7,4109.2,541.8,606.9,316156
367438,363395,1035.4,253400,230803,3461.2,3393.7,337650,284724,531.8,878.5,126,580.3,316159
429176,429628,1022.93,122054,117318,8804.5,8405,541636,454903,1343.8,959.3,77.1,652.9,316167
316371,325374,995.683,315856,292262,4766.1,4592.3,518980,450410,1378.9,1128.8,225.1,333.5,316175
125504,141412,908.832,282949,306322,3052.7,3433.7,13122,14263.5,543.9,711.7,383.1,507.3,316178
457451,455793,1027.73,110640,107011,1283.4,1394.2,126453,107528,-30.3,501.8,-55.1,266.1,316189
440148,466004,967.192,833024,891136,18214.9,18476.6,1.52559e+06,1.46604e+06,5181.6,3583.1,559.5,588.7,316206
504416,537634,960.735,1.15635e+06,1.18155e+06,30093.5,29479.4,2.73527e+06,2.49314e+06,5117.5,3731.1,943.8,729.7,316208
343031,316490,1109.88,835667,864822,19894.1,18499.6,1.88331e+06,1.70505e+06,4666.3,3150.5,534.5,474,316214
258470,208358,1270.32,48326,42751.6,-15.2,524.1,-597.5,430,30.2,413.2,80.6,430.1,316234
496361,537850,945.012,1.07468e+06,1.14853e+06,18391.4,17895.8,1.61989e+06,1.5244e+06,6637.7,4111.2,724.9,871.2,316253
494797,546757,926.694,1.01657e+06,1.04292e+06,20214.3,19369.7,2.17242e+06,2.01273e+06,6030,4031.2,499.6,723.7,316273
1.00367e+06,864545,1188.79,2.63671e+06,2.43231e+06,93469.1,84138.4,9.25753e+06,5.65938e+06,19108.6,10499,2606.1,1594.9,316330
467189,512389,933.676,125413,134926,1757.3,2030.4,144396,140106,1029,982.7,150.2,543.1,316346
508024,304366,1709.21,1.09714e+06,798643,2325.2,1736.5,11838.1,7329.7,2504.9,1706.5,176.7,428.3,316402
514008,544441,966.761,830888,824465,13967.8,13160.9,1.31577e+06,1.17422e+06,2561.4,2187.2,518.9,536.7,316412
449728,459849,1001.46,715580,763965,27516,27055.1,1.88454e+06,1.76035e+06,3948.5,2554.4,510.7,586.3,316440
728275,573258,1300.91,175251,142771,1049.6,1003.8,2509.2,2258.8,1603.9,1217.5,226.8,554.4,316443
476302,489830,995.731,1.44908e+06,1.50966e+06,35178.9,33891.7,3.40263e+06,3.06147e+06,6647.3,4103.6,823.2,621.8,316462
4.47093e+06,1.95297e+06,2344.24,1.09277e+07,5.08639e+06,23242.4,10448.5,98752.5,41131.8,37780.3,15733.5,3335.7,1935.7,316473
497503,537864,947.173,1.00181e+06,1.012e+06,19812.3,18820.6,1.66663e+06,1.53444e+06,6351.3,3960,551.4,658.9,316483
489953,543110,923.785,1.1345e+06,1.16682e+06,32338.4,31257.9,3.13436e+06,2.90588e+06,5549.1,4028.8,745.8,683.9,316498
871182,664167,1343.19,1.38093e+06,1.12346e+06,5398.3,4587.9,25366.8,19201,5199,3247.6,437.5,539.9,316506
799848,597364,1371.11,1.54843e+06,1.21219e+06,31263.1,22980.3,2.69016e+06,1.93726e+06,10130.3,5582.1,1090.2,788.3,316515
490259,524646,956.895,1.01463e+06,1.03785e+06,25795,24468.6,2.22046e+06,2.05129e+06,7352.6,4955.6,747.9,850.6,316531
464667,474686,1002.4,703892,761997,20355.5,19397.7,1.98305e+06,1.80626e+06,4416.6,3091,788.6,566.7,316534
364212,358794,1039.47,634040,663583,11826.7,11319.3,796547,724044,3985.9,3020.2,209.8,387.5,316540
855545,638708,1371.65,2.13871e+06,1.64939e+06,39471.2,29138.9,4.15289e+06,2.97572e+06,10827.7,5910.2,1247.4,922.4,316570
500346,520136,985.037,927890,982872,29494.3,28130.5,2.64204e+06,2.36837e+06,6430.6,4002.2,527.3,751.8,316576
853511,686725,1272.71,2.24502e+06,1.88802e+06,48228.7,38596.2,3.9853e+06,3.08614e+06,15654.2,8828.8,2094.3,1261.2,316586
182631,215314,868.57,301193,319862,3470.4,4036.6,14694.5,16002.7,1147.9,1111.2,695.3,855.6,316693
453987,464478,1000.88,1.39128e+06,1.47422e+06,20969.7,20328.9,1.71145e+06,1.56312e+06,5860.8,3687.4,708.6,854.3,316698
482345,497463,992.893,1.0424e+06,1.07921e+06,26143.4,25134.1,2.51107e+06,2.31348e+06,6267.2,3903.1,892.7,743.5,316766
480278,525708,935.515,81736.8,87044.8,222.4,606.3,47744.7,47211.5,696.9,729.9,116.6,480.2,316796
522391,550028,972.553,1.27516e+06,1.30675e+06,37240.2,36513.1,2.70298e+06,2.46482e+06,5981.6,3782.2,675.7,562.6,316827
593791,629310,966.213,1.36021e+06,1.32273e+06,39450,34849.4,3.03169e+06,2.56948e+06,7373.6,5230.6,892.4,960.7,316915
2.79118e+06,1.87647e+06,1523.16,7.8509e+06,5.55318e+06,16614.5,11964.5,67775.9,48181.3,25093,10898.6,2931.7,1612.7,316935
497694,529580,962.351,1.07208e+06,1.08764e+06,33624.8,32263.3,2.7027e+06,2.48256e+06,5824.5,3864.3,269.3,682.6,317164
526121,549227,980.925,1.24752e+06,1.26342e+06,35318.5,33164.9,2.99733e+06,2.64735e+06,9101.2,5670.8,1302.9,849.4,317170
518049,542724,977.45,1.38476e+06,1.43469e+06,37656,35993.7,2.47225e+06,2.22748e+06,5378.8,3571.8,728.3,994.8,317227
479680,496225,989.858,910075,956262,20234.1,19464,1.56547e+06,1.41796e+06,6249.4,3984.1,572.8,685.8,317230
504158,533306,968.035,966172,1.01273e+06,20828.9,20558.6,1.50134e+06,1.38564e+06,5015.4,3401.1,786,767.6,317231
513632,546162,963.011,1.25328e+06,1.2832e+06,19005.6,18159.9,1.8287e+06,1.6831e+06,5234.9,3467,516.2,646.1,317335
486775,500043,996.834,1.14554e+06,1.20852e+06,22772.4,21338.2,2.42881e+06,2.1461e+06,6567.2,3737,1185.4,790.1,317380
533314,555981,982.261,1.39501e+06,1.45279e+06,22292,21471.8,2.15122e+06,1.93918e+06,4204.6,3007.1,543.3,653.8,317489
1.02764e+06,1.03965e+06,1012.17,4.74246e+06,4.99109e+06,4854.2,4928.5,20407.2,18827.6,7959,5088.3,632.6,695.2,317782
509715,530490,983.902,869727,902012,17239.8,16675.7,1.5401e+06,1.41314e+06,5232.3,3855.1,801.7,703,317807
483055,500510,988.299,1.16267e+06,1.23487e+06,30644,29797.9,2.45471e+06,2.23169e+06,5517.2,3479.9,852.8,710.4,317964
494734,528046,959.411,1.0249e+06,1.04336e+06,13007,12617.9,1.5941e+06,1.46437e+06,5649.2,3834.8,672.7,793.7,318038
495030,526145,963.444,995691,1.00805e+06,32243.1,31045.8,2.5397e+06,2.32336e+06,7080.9,4760.1,806.6,648.2,318082
536178,574733,955.314,1.48825e+06,1.50479e+06,42275.1,41033.8,2.72488e+06,2.43829e+06,5454.6,3763.1,871.3,863,318085
546612,577647,968.996,1.4156e+06,1.42899e+06,33670.8,31819.6,2.60275e+06,2.30685e+06,6237.7,4405.2,1079.6,781.3,318495
806761,664247,1243.71,1.6296e+06,1.35388e+06,45126.2,38470.6,3.11516e+06,2.5593e+06,10713.3,5992.6,1364,958,318551
1.35962e+06,954544,1458.55,3.67603e+06,2.61075e+06,89014.1,57601.1,7.5465e+06,4.78912e+06,20761.8,10929.4,2585.7,1641.3,318574
553573,567990,998.017,797491,803105,13113.4,11836.8,1.47258e+06,1.28005e+06,3244.3,2392,412.8,392.2,318769
6.96462e+06,2.90227e+06,2457.31,1.65272e+07,5.64523e+06,57220.5,26374.1,232528,96322.2,74859.7,26677.7,11338,4054.2,318773
491392,529952,949.492,1.01641e+06,1.05422e+06,16218.6,16430.6,1.33201e+06,1.23988e+06,6810.2,4309.3,786.7,808.1,319067
442992,450713,1006.46,730409,781378,21028.3,20154.2,1.39691e+06,1.28278e+06,5560.9,3163.1,668.8,807.8,319118
384733,425496,925.917,259246,276578,685.6,1052.4,3055,3196.2,1185.1,926.5,218.9,301.4,319225
508868,523472,995.431,283307,301781,9709.4,9198.3,597571,532462,1880.4,1537.9,180.1,544.6,319304
499423,541239,944.896,993462,997870,33110,31729.6,2.13525e+06,1.95116e+06,7058,4537.7,1282,1123.9,319336
512555,528131,993.805,606828,613484,17351.9,16441.7,1.29316e+06,1.15681e+06,3462.2,2327.8,296.2,460.7,319344
560653,593894,966.694,1.14934e+06,1.14403e+06,27230.5,26705.6,1.85742e+06,1.68468e+06,7074.1,4481.1,994.3,953.6,319413
440077,451979,997.042,601348,642839,16309,15467.9,1.60379e+06,1.48512e+06,3711.9,2772.6,580.8,559.4,319440
3.41141e+06,1.14692e+06,3045.81,2.45023e+07,5.6638e+06,23296.1,8532.6,93614.1,32112.9,47969.5,20384.5,4802.9,2453.3,319525
447946,479536,956.543,1.09513e+06,1.13892e+06,16288.9,16191.4,1.24708e+06,1.16315e+06,6601.1,4281.5,623.5,761.2,319530
1.04211e+06,866809,1231.09,2.07886e+06,1.67672e+06,65377.1,49972.7,4.75562e+06,3.49108e+06,12609.5,7330.2,1477.5,1240.1,319554
524614,558346,962.139,1.53832e+06,1.58639e+06,40247,39640.1,2.40176e+06,2.18095e+06,6052.3,3875.6,936.8,701.8,319570
308768,345814,914.315,870730,925116,1292.1,1484.3,5938.2,5833.5,1799.6,1536.2,-41.1,289.4,319577
515335,526053,1003.15,457437,476100,7800.4,7383.4,583342,518622,2982.3,2169.3,535,546.9,319587
2.79573e+06,1.64618e+06,1739.08,5.32308e+06,3.34876e+06,17704.3,12622.4,1.20615e+06,1.02472e+06,11840.6,5646.9,797,765.5,319601
1.02372e+06,983749,1065.61,1.35433e+06,1.2918e+06,41090.2,36802.9,3.7683e+06,3.26461e+06,7196.9,4369.3,1114.7,747.1,319617
1.96749e+06,1.27329e+06,1582.29,4.14981e+06,2.65738e+06,157724,96889.2,1.04972e+07,5.57570e+06,24669.9,11201.2,3483.1,1727.9,319679
2.54344e+06,654811,3977.47,1.15831e+07,4.56359e+06,17424.4,5436,68074.4,21272.8,33414.9,10160.3,3218.3,954.7,319766
394610,404542,998.873,822199,873849,30712.6,29551.1,2.15858e+06,1.95212e+06,5475.4,3216.2,831.4,572.2,319816
178951,199212,919.869,676242,698329,472.8,608,1443.6,1551.3,2000,1772.3,21.7,314,319839
191513,221714,884.52,323009,345021,3624.8,3890.6,14394.1,15289.9,1197.9,820.2,615.5,734.1,319861
1.60217e+06,927449,1768.97,4.0248e+06,2.33326e+06,151871,93356.2,1.06923e+07,5.59862e+06,31448,14988.4,3846.3,1922,319866
439856,449871,1001.22,807964,854284,12271.2,11660.2,1.02833e+06,944047,5416.3,3358.4,467.1,621.7,319897
435106,454700,979.882,983953,1.04211e+06,17912.4,17741.8,1.58515e+06,1.5167e+06,6513.4,4018.7,815.7,876.4,319963
423890,440567,985.251,923683,974201,21244.3,20727.6,1.86005e+06,1.72433e+06,6677.7,4096.1,877.3,683,319992
524719,574475,935.315,1.44514e+06,1.47605e+06,28250,26485,2.96122e+06,2.65553e+06,7085.3,4627.8,837.3,859.6,320008
488403,528976,945.457,1.02358e+06,1.03406e+06,15237.2,14485.4,1.68477e+06,1.55228e+06,5604.1,3951.2,600.5,754.2,320023
494764,526877,961.596,1.00518e+06,1.01697e+06,20148.5,18817.2,1.42462e+06,1.27316e+06,4906.4,3814.4,624.1,797.7,320082
519043,564999,940.72,1.32752e+06,1.34677e+06,40595.8,38253.6,3.04361e+06,2.67503e+06,6675.2,4019.9,787.4,665.5,320229
477920,491506,995.699,1.28811e+06,1.36412e+06,24057.5,23281.8,1.62389e+06,1.44578e+06,5153,3374.2,957.4,665.8,320274
845243,645851,1340.14,2.33269e+06,1.8994e+06,47942.2,36581.8,4.60352e+06,3.41088e+06,11843.4,6322,1439.1,986.5,320443
503821,527760,977.565,794088,822393,17577.2,16651,1.39594e+06,1.28603e+06,5766.7,4059.6,717,726,320636
471963,495360,975.633,921161,976544,17235.4,16947.9,1.24916e+06,1.15526e+06,5102.3,3154.6,665.3,487.4,320913
2.73302e+06,1.58583e+06,1764.76,9.20708e+06,5.60639e+06,12173.6,8569.9,55291.6,37541.8,15512.8,8161.8,1613.9,1006.2,321001
448205,465507,985.946,1.10977e+06,1.13927e+06,51112.9,47839.3,3.03274e+06,2.6718e+06,8725.4,5404.6,1329.3,1078.8,321504
162420,177401,937.526,352196,378983,412.9,891.1,2316.6,2356.2,1054.5,1262.4,43.4,431,321807
877337,833266,1078.16,1.93378e+06,1.95158e+06,88184.9,77514.3,5.82752e+06,4.65324e+06,17527.9,9939.6,2601.3,1562.3,321907
443174,462099,982.069,905602,965586,24800.2,24142.6,2.06831e+06,1.8934e+06,6307.6,3914.1,825.5,831.7,322339
597901,620033,987.448,1.24527e+06,1.25267e+06,27382.4,25158.7,2.78583e+06,2.46336e+06,8674.6,5328.5,809.5,803.3,322340
501668,522402,983.362,987281,1.00691e+06,16254.3,15750.9,1.46086e+06,1.32839e+06,6219.5,4285.9,621.5,788.5,322445
535229,577210,949.525,1.45229e+06,1.49134e+06,22939.2,21350.8,2.65551e+06,2.35456e+06,4185.8,2897.5,445.6,673.2,322446
1.03182e+06,927499,1139.18,2.60636e+06,2.26538e+06,52356.7,43229.5,4.57687e+06,3.57058e+06,10792.1,6488.2,1281.3,1061,322622
492733,535025,943.057,994713,1.00314e+06,24198.3,23815.5,1.90172e+06,1.73561e+06,5973.5,3913,767,767.9,322628
512684,534868,981.534,1.04644e+06,1.08348e+06,14212.8,13733.9,1.28844e+06,1.17431e+06,5278.4,3534.8,618.3,580.3,322634
503667,537852,958.922,970214,979511,31932.3,31066.3,2.24797e+06,2.05334e+06,6524.1,4257.5,804.1,710.6,322745
510831,520886,1004.24,539588,554181,17550.5,16656.5,1.15454e+06,1.03751e+06,2905.9,2060.1,344.6,552.3,322850
500161,533680,959.683,970744,1.00153e+06,20070.7,18746.9,2.04362e+06,1.84722e+06,5800.6,4232.9,538.2,899.5,322873
506364,539636,960.871,1.36877e+06,1.40461e+06,36169.9,34936.6,2.98478e+06,2.73536e+06,6389.5,4125.8,694.7,632.7,323011
433277,455281,974.51,1.0424e+06,1.09817e+06,23887.2,23315.2,2.06606e+06,1.92855e+06,6102.7,3808.9,730.3,707.8,323032
512691,556575,943.271,1.20877e+06,1.21835e+06,32771.1,31037.3,2.56514e+06,2.28064e+06,8593.3,5632.5,1240.2,1042.6,323128
508355,524482,992.517,543634,546650,9091.7,8528.6,858022,762427,1845.2,1718.7,94.8,312.2,323132
508413,536719,970.007,1.18736e+06,1.18746e+06,33090.3,30642.2,2.66203e+06,2.33979e+06,8336.4,5326.6,1180.8,1159.7,323173
498475,531274,960.784,967008,995313,12816.4,12575.4,1.26408e+06,1.14959e+06,4807.5,3113.3,663.1,780.3,323230
1.00036e+06,845993,1210.85,1.72669e+06,1.409e+06,38689.9,29723,2.69184e+06,1.99854e+06,8453.2,5485.9,961.4,776.6,323252
422805,427952,1011.7,830832,878819,29756.1,28809.6,1.90469e+06,1.73532e+06,5766.8,3538.1,841.7,637.7,323384
509330,540104,965.654,981236,1.00513e+06,33538.7,31896.7,2.21652e+06,2.01381e+06,5206,3573,818.9,726.1,323519
512052,549451,954.305,1.25347e+06,1.30606e+06,22527.4,21447.4,2.36365e+06,2.13436e+06,5325.1,3598.1,339.2,548.6,323531
502864,527449,976.273,712008,697249,17421.7,16237.3,1.20031e+06,1.06036e+06,2662.2,1936.6,248.5,494.6,323564
490830,529907,948.492,1.01614e+06,1.0276e+06,19671.2,18284.8,1.83638e+06,1.67533e+06,5494.3,3859.7,905.4,645.9,323566
473478,489802,989.876,1.5619e+06,1.64958e+06,31321.6,30090.4,2.39548e+06,2.18001e+06,6433.3,3810.2,1023.5,826.1,323632
527618,540957,998.759,539137,566797,15094,14425.4,1.1677e+06,1.03783e+06,2450.8,1759.3,639.2,663.6,323725
494733,525495,964.068,1.10636e+06,1.17495e+06,13478.6,13238.4,1.36767e+06,1.28058e+06,6531.6,4330,654.6,673.9,323867
417184,424847,1005.55,916884,956599,19163.9,17958.2,1.96944e+06,1.81771e+06,6723.3,3862.8,887.4,563.2,323938
528271,564241,958.721,954427,938310,24136.5,22299.7,1.82807e+06,1.5754e+06,3738.5,2244.8,667.2,575.6,323947
475702,491810,990.465,1.45237e+06,1.51206e+06,19992.5,19353,1.53921e+06,1.39825e+06,6175,3783.1,873.1,736.6,323962
454203,461013,1008.88,991015,1.05893e+06,19132.9,18612.6,1.25734e+06,1.13037e+06,4068.9,2545.1,308.3,518.5,323965
526384,577104,934.016,1.4742e+06,1.5058e+06,17850.7,17089,1.59642e+06,1.433e+06,5704.6,3976.6,539.2,744.9,323998
517623,533599,993.353,652061,636999,7458.9,6868.5,874381,773516,3246.5,2414.9,466.9,634,324018
530482,558737,972.22,1.52476e+06,1.5614e+06,42637.4,40249.2,3.11711e+06,2.76231e+06,6397.7,4109.2,426.3,772.7,324023
460289,482138,977.6,935045,986878,15156.8,14384.2,1.24585e+06,1.13837e+06,6550.6,4063.1,865.4,797.2,324042
448027,465152,986.3,1.09156e+06,1.14885e+06,30953.1,30499.1,2.27962e+06,2.11835e+06,5931.8,3456.5,900.1,604.5,324075
503619,543343,949.145,1.34496e+06,1.3952e+06,29615.8,29300.3,2.06712e+06,1.91289e+06,6205,3968.4,773.9,636.5,324106
508526,538125,967.685,986226,1.00053e+06,32190.7,29867.7,2.82453e+06,2.50624e+06,5542.4,3731,608.5,685.3,324197
616761,380628,1659.28,2.85618e+06,1.9976e+06,3716.1,2742,10549.9,6901.9,5162.7,2884.4,758.2,642.1,324254
452456,477230,970.853,1.1286e+06,1.17454e+06,33932,33419.7,2.63142e+06,2.43588e+06,4895.4,2908.2,679.4,712.5,324340
565016,575205,1005.87,556879,602960,15654,14877.9,1.59148e+06,1.44829e+06,5075.5,3448.9,470.1,497.2,324400
512524,535063,980.878,620639,609123,7121.1,6914.8,636430,574767,3231.8,2545.2,10,630.1,324418
515271,564750,934.295,1.40964e+06,1.42348e+06,29246.7,28160.6,2.5422e+06,2.27088e+06,5734.4,4190.8,801.3,639.1,324459
516313,535985,986.417,767712,769370,17968.3,16839.9,1.38186e+06,1.22766e+06,3788.3,2786.1,536.8,721.5,324549
514017,535090,983.674,725030,713052,13112.6,12748.8,1.13929e+06,1.01619e+06,2733.9,2029.4,300.2,507.8,324555
530759,546384,994.73,796585,800326,23089.6,21912.2,1.59766e+06,1.42705e+06,2916.5,2058.1,186.4,654.1,324561
443410,454651,998.686,1.13685e+06,1.1801e+06,22827,21649.9,1.34267e+06,1.18666e+06,7756.2,4626.2,1002.6,708.7,324562
440040,450002,1001.33,1.25857e+06,1.32066e+06,24048.6,22656.9,2.65648e+06,2.42536e+06,5318.4,3551.7,339.5,768.4,324566
438699,459988,976.614,1.14847e+06,1.20848e+06,31683.7,31388.2,2.43615e+06,2.26811e+06,6334.1,3737.5,974.2,996,324615
482501,508898,970.888,957916,1.00336e+06,22276.4,20969.4,2.00765e+06,1.83542e+06,5232.7,3706.5,550.4,593.3,324733
511442,532862,982.847,1.01597e+06,1.05777e+06,20443.5,19611.2,1.47167e+06,1.35563e+06,5590.3,3614.4,546.5,577.9,324811
434212,448755,990.819,1.01527e+06,1.06101e+06,25099.8,24313.7,2.10261e+06,1.94582e+06,5449.6,3752.6,486,635.6,324817
495560,529550,958.283,1.14916e+06,1.18238e+06,20434.8,19031.7,1.88136e+06,1.68282e+06,4494.7,2916.5,435.9,546.4,324861
553172,574115,986.651,787042,793918,10334,9325.5,820695,706488,2197.4,1990.2,428.5,629.9,324875
519951,554368,960.439,1.11542e+06,1.11762e+06,9611.1,8958.2,645364,568203,3337.2,2597,132.4,591.3,324887
436699,454180,984.594,614848,660756,13249.8,12904.4,1.21375e+06,1.11958e+06,5429.5,3554.8,633.2,549.3,324902
510229,530925,984.092,836746,842751,15985,15005.5,1.44432e+06,1.30236e+06,4357.9,3046,521,528,325116
446279,468359,975.738,1.0443e+06,1.09834e+06,25323.6,25291.1,2.12554e+06,1.99585e+06,6675.8,4404,744.2,768.8,325165
464617,479988,991.216,1.38548e+06,1.44135e+06,37236.1,36452.3,2.65986e+06,2.4118e+06,5432.2,3298,705.4,570.7,325247
1.39291e+06,1.02018e+06,1398.14,3.60153e+06,2.66267e+06,111524,80003.4,7.88153e+06,5.44384e+06,17773.4,9631.5,1888.2,1477,325285
509489,549067,950.191,1.28774e+06,1.33483e+06,44184,42557.7,2.92465e+06,2.63763e+06,4021.1,2721.3,343.7,883.6,325417
434699,449334,990.659,939647,982605,19444.5,18610.6,1.80113e+06,1.6566e+06,6391.5,3899.9,603,553.5,325430
801103,643517,1274.77,1.8252e+06,1.49987e+06,63842.5,49901.9,4.18856e+06,3.12463e+06,12988.1,7590.7,1632,1240.4,325449
509976,544735,958.671,975183,998894,17969.1,16755.4,1.31113e+06,1.18247e+06,5390.7,3718.8,588.9,862.8,325469
441284,442416,1021.38,790092,845870,22602.5,22181,1.80763e+06,1.65133e+06,5946.6,3774.2,634.9,612.5,325595
486359,512478,971.821,1.16992e+06,1.20099e+06,29902.8,29122.5,2.54648e+06,2.34123e+06,6034.6,3863,492.8,510.4,325666
510234,532735,980.761,1.29691e+06,1.34345e+06,36504.5,34713.9,2.15504e+06,1.93125e+06,4556.7,3019,521.7,590.1,325750
1.09524e+06,596331,1880.72,4.11261e+06,2.377e+06,11038.2,6923,42427.6,26086.3,19075.2,9298.9,1408.4,723.2,325952
433764,445214,997.678,1.01335e+06,1.05906e+06,15369.2,14767,1.50181e+06,1.38644e+06,5876.8,3309.5,576.5,716.4,325959
501894,533903,962.619,1.00639e+06,1.02409e+06,18332.6,17911.6,1.45991e+06,1.34491e+06,7183.2,4573.7,936.4,749.6,326007
439316,448086,1003.97,868034,918922,20735.6,20250.5,1.58032e+06,1.45344e+06,5053.7,3025.3,730,721.1,326071
445216,459786,991.554,1.0921e+06,1.1462e+06,33287.8,32536.7,2.2178e+06,2.06343e+06,5524.9,3406.8,875.4,835.9,326251
441588,463390,975.835,1.11698e+06,1.16753e+06,25094.3,24657.2,1.99902e+06,1.86303e+06,5589.4,3716.1,716.3,869.7,326281
473350,481928,1005.77,1.12629e+06,1.15678e+06,31926.4,29122.2,2.41583e+06,2.10803e+06,6844.4,4093.9,615.7,536,326406
435927,446733,999.239,911991,956224,27417.1,26649.2,2.03718e+06,1.85915e+06,6294.2,3764.4,851.7,750.4,326488
532414,547659,995.5,1.44611e+06,1.49725e+06,27177.1,25435.9,2.11745e+06,1.8897e+06,5371.7,3759.6,825.5,696.5,326495
482657,516330,957.221,1.25854e+06,1.3112e+06,21478.3,20276.5,2.17727e+06,1.98714e+06,5012.4,3396.4,624.1,668.8,326528
453853,459146,1012.2,863196,918590,18900.3,17731.1,1.3805e+06,1.2709e+06,5433.8,3377.7,811.4,585.2,326539
979895,809716,1239.22,2.64227e+06,2.16526e+06,5819.7,5063.9,25104.9,19474.5,6881.4,3935.2,376.1,509,326582
730389,727871,1027.55,1.51799e+06,1.54738e+06,34693,31031.8,2.87976e+06,2.4496e+06,11292.2,7057.5,1349.6,1124.3,326747
500397,532011,963.155,991000,1.006e+06,29358.7,28131.4,2.4359e+06,2.21854e+06,6603.3,4222.6,1141.5,842.7,326785
495530,524574,967.315,1.02896e+06,1.05593e+06,30403.6,29648.8,2.79384e+06,2.58346e+06,6995.1,4533.8,1071.7,888.4,326852
465397,485492,981.623,1.19014e+06,1.26755e+06,41355.6,40045.3,2.7564e+06,2.51434e+06,5800.9,3675.8,910.3,761.7,326957
503733,532119,969.385,1.41966e+06,1.48095e+06,39408.2,38288.6,2.62195e+06,2.36702e+06,5839.7,3910.5,1173.3,962.8,326992
982854,1.02451e+06,982.362,2.13615e+06,2.20943e+06,75712.1,72695.8,4.44738e+06,4.00047e+06,12206.6,7404.4,1594.8,1168.2,327093
511948,544907,962.068,1.22787e+06,1.22416e+06,30418,27928.2,2.86007e+06,2.51041e+06,8593.4,5543.5,1511.3,939.9,327143
439254,454282,990.131,1.0321e+06,1.09673e+06,17967.5,17690.5,1.61371e+06,1.48304e+06,5685,3574.1,795.8,620,327148
514046,551834,953.882,1.39934e+06,1.44894e+06,28849.5,27680.5,2.36039e+06,2.11735e+06,5198.1,3421.5,868.4,854.3,327184
208884,228036,938.012,810404,840092,1509,1577.7,4100.8,4214.8,1756.4,1506.9,127.8,554.4,327339
458100,476039,985.425,1.18225e+06,1.23844e+06,22342.2,21037.9,2.35138e+06,2.08986e+06,7027.9,4556.9,911.7,802.7,327497
496466,520846,976.078,936073,968626,29670.8,28736.5,2.07928e+06,1.89656e+06,6312.8,4074.3,818.6,711.2,327522
524457,559704,959.512,1.36326e+06,1.41516e+06,30668.2,28573.4,2.82771e+06,2.52752e+06,5300.4,3435.7,636.1,843.6,327554
457501,482465,971.015,993040,1.03186e+06,30529.9,29413.2,2.57038e+06,2.38692e+06,6139.2,3834.6,995.5,760.1,327560
460171,473054,996.125,876965,935674,27229.7,25942.2,2.29194e+06,2.11512e+06,5281.2,3312.2,697,695.7,327730
1.38675e+06,1.02367e+06,1387.21,9.03264e+06,5.62762e+06,10897.4,8091.7,41872.8,29134.3,27379.1,15602,2016.7,1378.3,327835
426738,438431,996.703,978461,1.04119e+06,19435.2,18080.1,1.78589e+06,1.5725e+06,4601.5,3061.1,387.7,439.8,327856
496345,522936,971.943,1.24479e+06,1.28258e+06,3322.9,3278.5,5811.8,5736.7,3703.8,2302.8,194.8,394.1,328162
526591,544990,989.439,1.35761e+06,1.41821e+06,24471.1,23107.4,2.38756e+06,2.15579e+06,5126.9,3369.1,461,620.9,328345
510323,530730,984.629,1.50694e+06,1.55446e+06,15441.3,14668.8,1.499e+06,1.34425e+06,6325.1,3753,745.2,720.1,328843
497447,520580,978.503,1.01794e+06,1.05847e+06,20464.2,19369.1,1.95511e+06,1.7865e+06,6087.8,3664.4,741.7,847.6,328853
508048,524318,992.235,1.18728e+06,1.2443e+06,36708.4,35344,2.77854e+06,2.51723e+06,4805.4,3062.2,491.1,526.4,329340
521893,534875,999.152,1.16512e+06,1.21118e+06,16528.4,15960.3,1.69534e+06,1.53771e+06,5398.3,3198,705.6,554.2,329735
466977,481177,993.783,1.03326e+06,1.09306e+06,23581.5,21629.2,2.2876e+06,2.01158e+06,8490.4,5228.4,869,734.7,330107
511280,532336,983.511,1.27743e+06,1.33803e+06,17342.6,16671.7,2.03918e+06,1.83797e+06,5917.8,4036.6,788.7,701,330331
757805,742525,1045.08,1.72117e+06,1.72658e+06,41857.9,34781.5,4.01665e+06,3.18112e+06,15482.1,9085.6,2215.3,1293.3,342855
468436,486472,986.051,954972,1.00989e+06,26157,24728.2,2.11738e+06,1.90839e+06,5981.3,3885.1,946.3,907.1,344258
520992,542431,983.538,1.18527e+06,1.22346e+06,41899.6,39276.8,2.8945e+06,2.52391e+06,8449.1,5245.4,1080.8,930.7,344388
533287,548267,996.026,1.02286e+06,1.02707e+06,18163.5,17521.4,1.74138e+06,1.56747e+06,4115.9,3040.2,591,550.7,344717
986748,849215,1189.85,1.96987e+06,1.60964e+06,40672.6,32351.7,3.1868e+06,2.44935e+06,12158.6,7445.6,1311.5,1209.8,344950
1.28608e+07,3.3033e+06,3986.76,4.3203e+07,5.66449e+06,73242.2,18214.4,338409,83189.4,201760,48286.5,15752.9,3320.6,344955
173105,154003,1151.04,286978,262310,12234.4,10037.2,1.18374e+06,914850,179.4,374.1,-317.3,268.4,344956
498763,518743,984.572,1.25433e+06,1.30752e+06,25481,24257.7,2.22215e+06,1.99999e+06,4687.6,3258.8,592.3,533.9,345019
497326,518518,982.16,889188,934181,17668.5,17274.1,1.36384e+06,1.24256e+06,5214.3,3566,552.8,685.7,345022
482465,495043,997.987,1.05438e+06,1.11371e+06,21699.7,21130.5,1.68135e+06,1.54602e+06,5237.5,3314,676,706,345060
788622,645046,1251.94,6.43295e+06,5.50355e+06,4299.3,3936.9,18700.2,16208.7,13244.3,7538.7,389.5,659.3,345149
459270,473491,993.249,937581,999246,20172.5,18993.8,2.08719e+06,1.93292e+06,5508.5,3667.9,713.3,625.1,345216
434761,456955,974.27,988140,1.04954e+06,24586.2,23966.6,1.92785e+06,1.77996e+06,5868.5,3386.4,836.1,588.3,345263
1.14608e+06,964724,1216.5,2.81924e+06,2.42177e+06,66504.4,51793.8,5.4856e+06,4.23306e+06,19607.5,10607.3,2248.3,1418.8,345286
595683,620868,982.469,533676,557438,8202.7,7728.3,712789,630881,2144.6,1727.7,409.1,522.7,345328
494140,539120,938.579,987906,986891,27315.7,26249.9,1.78405e+06,1.61629e+06,5681,4099.6,627.2,757.8,345383
499622,545196,938.408,1.00682e+06,1.04293e+06,20213,19900.5,1.70854e+06,1.59214e+06,6400.5,4272.6,738.2,596.1,345398
512772,534624,982.144,761498,743309,19108.8,18271.2,1.2931e+06,1.1404e+06,2414.2,1877.1,498.2,443.5,345454
499327,528976,966.604,1.30937e+06,1.36355e+06,44843,43374,2.99092e+06,2.75238e+06,6170.4,3978.8,980.9,773.5,345523
514153,536140,982.013,790168,783505,15712.9,14769.8,1.28146e+06,1.13438e+06,3757.6,2827.8,392.9,700.1,345567
463514,469969,1009.94,1.0409e+06,1.10744e+06,25569.9,24546.9,2.04068e+06,1.86434e+06,5272,3145.3,382.6,575.9,345647
796535,744523,1095.54,1.72252e+06,1.74589e+06,79190.5,69619.7,4.8709e+06,3.98898e+06,17524.6,10132.4,2113,1413.7,345750
519276,547210,971.729,1.20808e+06,1.25861e+06,17948.8,17098.6,1.83239e+06,1.66297e+06,5516.4,3765,815,703.4,345774
440540,454475,992.609,827375,884923,18266.1,17677.9,1.56361e+06,1.43638e+06,6238.5,4173.6,850,652.6,345839
452897,469630,987.525,1.42317e+06,1.48569e+06,88575.6,84141.5,7.84158e+06,5.61723e+06,5843.1,3383.5,1087.2,1087.6,345848
447820,457842,1001.59,965087,1.0204e+06,20111.1,19926.9,1.69861e+06,1.55913e+06,5221.3,3244.5,648.1,615.6,345851
455112,474593,981.968,1.41916e+06,1.49055e+06,31904.3,30822.3,2.61067e+06,2.3532e+06,6730.1,4011,661.5,592.1,345862
554163,572001,992.066,1.03056e+06,1.05978e+06,22537.8,21118,2.0923e+06,1.84848e+06,6233.6,4058.5,775.9,907.1,345917
424004,427769,1014.99,978666,1.01951e+06,32261.1,30308.7,2.63769e+06,2.3109e+06,7959.5,5046.7,996.4,952.3,346049
504832,530324,974.784,992320,1.0276e+06,17590.7,16750.4,1.24528e+06,1.12532e+06,5888.4,3790.4,843.3,669.9,346166
1.00662e+06,940873,1095.56,2.38435e+06,2.08455e+06,59261.7,50585.8,4.72742e+06,3.82806e+06,10430.7,6638.8,1231.8,917.5,346184
496314,533830,952.045,1.07295e+06,1.11542e+06,16945.1,16857.4,2.09159e+06,1.94813e+06,6165.5,3951.4,770.3,635.6,346218
488096,534284,935.484,1.05274e+06,1.09835e+06,31422.7,31065.8,2.41666e+06,2.25669e+06,6236.6,4537.8,795,594.8,346222
429393,441924,994.973,882523,927157,19212.5,17989.5,1.53327e+06,1.36054e+06,6035.5,3717.4,759.9,826.4,346411
824307,620921,1359.42,1.40291e+06,1.0647e+06,33330.7,24546.4,3.3789e+06,2.45233e+06,10425.8,6064.4,1277.2,1034,346445
448290,459644,998.713,1.05021e+06,1.09473e+06,13367.2,12983.2,845146,766736,6544.2,3977.5,558.4,567.7,346693
491623,513239,980.885,1.41855e+06,1.5084e+06,46289.1,44742.7,2.75231e+06,2.47077e+06,5586.5,3408.9,480.4,558.4,346765
1.10577e+06,1.1158e+06,1014.79,2.02946e+06,1.98911e+06,60225.8,54293.6,4.9397e+06,4.24338e+06,16565.9,9612,1890.5,1555.1,346826
508883,533557,976.653,1.1033e+06,1.14207e+06,29271.3,26782.8,2.41493e+06,2.10204e+06,8198.4,5172,927.2,799.4,346881
439301,454796,989.121,1.11812e+06,1.17075e+06,29436.3,28961.4,2.17066e+06,2.01883e+06,6457.2,3826.1,653.1,598.4,346953
498985,529020,965.87,1.02671e+06,1.05505e+06,21426.3,20670,1.9169e+06,1.76666e+06,7588.3,4731.6,918.9,838.9,346955
500834,536354,956.188,1.14046e+06,1.17905e+06,21738,20728.2,1.90106e+06,1.73431e+06,4928.9,3078.3,602.4,587.6,347020
514915,552384,954.554,1.28073e+06,1.31108e+06,22290.4,21208.9,1.88809e+06,1.7282e+06,6054.1,4056.4,663.7,864.7,347313
481458,502731,980.675,757402,742400,13633.9,12679.9,739763,648166,5448.4,3491,414.5,751.4,347315
714466,712089,1027.42,1.39149e+06,1.4173e+06,36549.1,32438.5,2.89971e+06,2.42998e+06,9796.4,5837.3,1416.9,934.6,347698
455580,484327,963.233,1.0029e+06,1.03441e+06,26537.9,25820.2,2.22176e+06,2.05765e+06,6712.4,4368.4,692.3,767.2,347874
523799,547888,978.976,1.44768e+06,1.51076e+06,24932.3,23961.4,2.35154e+06,2.09694e+06,5414.9,3579.1,756.6,704.7,347932
502704,529380,972.407,1.24422e+06,1.28073e+06,25950.5,25202.4,2.15531e+06,1.9585e+06,5373,3483.1,498.7,586.6,348343
468740,495224,969.237,1.09967e+06,1.12898e+06,17564.8,16676.2,1.60345e+06,1.4811e+06,5930.1,3936.4,636.5,657,348432
459230,476932,986.001,998606,1.04519e+06,23121.8,22430.7,1.91516e+06,1.77258e+06,5685.7,3565.3,666.4,608.7,348536
536568,562071,977.55,1.20675e+06,1.2053e+06,43651.4,40107.4,2.90658e+06,2.51825e+06,7181.9,4675.2,1116.9,770.2,348697
506787,524118,990.15,980362,1.02177e+06,24079.4,23083.6,2.24644e+06,2.02356e+06,6133.5,3832,1056.7,739.2,349490
463313,479778,988.863,1.0009e+06,1.06353e+06,24258.9,23268,1.95388e+06,1.80027e+06,6189.2,3961.2,626.9,492.2,350083
473316,490208,988.714,936377,998185,35427.6,34401.8,2.56699e+06,2.33996e+06,6938.8,4422,1357.6,1025.1,350311
481828,498130,990.492,931675,980738,23852.7,22766.3,1.65034e+06,1.50437e+06,5976.9,3797.7,833.7,721.4,418910
1.07464e+06,993731,1107.38,2.49044e+06,2.39507e+06,72016.8,60504.4,5.68234e+06,4.38556e+06,20176.6,11750.3,2418.7,1498.6,419552
499667,522226,979.768,1.29828e+06,1.33318e+06,27317.5,25984.6,2.43201e+06,2.206e+06,6196.3,3852.4,543.7,875.7,419931
504427,533194,968.755,1.41771e+06,1.48761e+06,13094.9,12764,1.30432e+06,1.16351e+06,5930.1,4080.7,356.7,593.2,420616
230940,237789,994.522,403968,414865,277.1,616.6,1855.1,1756.8,1325.9,1182.3,152.5,347.7,420988
502638,524630,981.085,1.00854e+06,1.05502e+06,29116,28553.1,2.37093e+06,2.15988e+06,6180.6,4199.6,815.2,714.9,421039
471998,490586,985.205,1.15707e+06,1.22213e+06,22584.6,21840.4,2.05071e+06,1.88342e+06,5965.7,3772.3,503.6,827.1,421112
444220,471237,965.301,990595,1.02739e+06,20640.2,20616,1.70669e+06,1.58235e+06,6901.8,4341.6,887.7,879.7,423332
508628,532561,977.984,1.1947e+06,1.23691e+06,31520,30056,2.74246e+06,2.4906e+06,5191.1,3433.6,749.8,627.8,424085
482982,503050,983.153,1.21525e+06,1.2612e+06,22152.4,21967,2.1812e+06,1.997e+06,6204.8,3970.2,770.3,758,424542
1.69976e+06,1.05613e+06,1648.06,3.85739e+06,2.35465e+06,83884.8,51297.4,7.73472e+06,4.67429e+06,22716.6,12035.1,2843.5,1732.2,425016
529168,560021,967.595,1.43888e+06,1.50481e+06,30544.7,29777.4,2.04383e+06,1.83592e+06,5828.6,3892.4,626.4,609.8,425133
515431,530451,995.01,926700,909782,16308.3,14986.3,1.47338e+06,1.30183e+06,2177.5,1962.8,304.1,680.3,426567
621289,633610,1004.09,1.00369e+06,974668,23775.1,20712.7,1.86933e+06,1.55052e+06,4571.6,3068.8,662.2,601.2,426615
496266,532113,955.018,1.00647e+06,1.01541e+06,16016.7,15443.4,1.10888e+06,1.01087e+06,6458.7,4276.5,719.3,730.2,426696
444211,455152,999.384,173741,177720,6008.7,5789.4,524252,468097,1465.5,1184.4,155.9,495.6,426722
188302,198322,972.273,80497.4,81267,649,625.2,1348.6,838.8,503,545.3,-160,255.5,426723
524925,562489,955.616,1.2621e+06,1.29181e+06,26306.7,24578.5,2.14777e+06,1.88800e+06,5670.1,3791.6,622.6,618.2,426736
170330,185145,942.064,22758.3,24292.2,460.1,596.4,1565.5,2381.8,57.8,386.4,-57.2,266.1,426759
530337,569871,952.971,1.55227e+06,1.58178e+06,32839.1,30795.4,3.12363e+06,2.79859e+06,5942.5,4204,872.7,739,426851
810104,644075,1287.97,1.87882e+06,1.53782e+06,42242.4,33243.6,2.9805e+06,2.28622e+06,14116.2,7950.3,1458.6,906.7,426854
494395,522052,969.758,757072,745193,15539.3,14482.4,1.40579e+06,1.2432e+06,3396.5,2389.2,408.9,513.3,426912
463084,482525,982.753,1.08988e+06,1.15936e+06,27772.2,27447.5,2.41465e+06,2.21298e+06,5267.2,3388.7,443.9,624.3,426915
451088,466707,989.737,606304,660813,25176.6,24662.7,1.94975e+06,1.8126e+06,4087.9,3083.9,910.4,760.3,426925
535936,572325,958.901,1.34796e+06,1.37722e+06,31776.5,30066.2,2.5075e+06,2.2015e+06,5007.2,3439.2,912.3,748.9,426936
832354,715931,1190.52,279052,228909,10904.2,9476.6,777802,607029,2290,1771.3,237.3,292.8,426995
923425,633962,1491.56,3.0085e+06,2.04289e+06,3264.9,2175.6,12907.7,9104,5280.6,3352.4,123.7,437.7,427117
483898,514828,962.486,1.06362e+06,1.12012e+06,39285.7,38221.3,2.49541e+06,2.27843e+06,5861.7,3806.7,553.1,712.3,427347
522586,527704,1014.07,265748,277381,4848.8,4810.8,466220,419004,1701.8,1360.5,178.9,443.1,427380
718239,715317,1028.19,1.40165e+06,1.42953e+06,42552.8,40369.6,2.80381e+06,2.44182e+06,10316.3,6175.5,1632,1319.9,427428
829048,674524,1258.59,1.58605e+06,1.32429e+06,43829.8,35552.1,3.14365e+06,2.46989e+06,10387.2,6106.6,1284.9,959.5,427469
513815,541803,971.107,1.32633e+06,1.37923e+06,30081.7,28656.8,2.99231e+06,2.69739e+06,5138.8,3536.9,658.5,679.1,427619
505023,544835,949.178,1.49032e+06,1.52234e+06,33396.8,32143.6,2.6232e+06,2.36413e+06,5971.5,3616.2,716.7,725.8,427661
472537,499002,969.694,1.01571e+06,1.06645e+06,35626.4,34998.7,2.79509e+06,2.60531e+06,8018.9,4993.4,921.4,828.2,427729
448371,463876,989.78,970256,1.01998e+06,16114.8,15129.2,1.6568e+06,1.52945e+06,6041,3889.3,644.8,806.9,427807
432801,448987,987.091,866895,913968,30736.2,30120.4,2.31282e+06,2.12158e+06,6572,4016.5,1130.2,1019.9,427969
500272,526942,972.184,1.358e+06,1.39915e+06,17228,16370.3,1.69408e+06,1.53791e+06,6039.1,3896.9,595.8,603.5,428034
1.13700e+06,803246,1449.5,2.99839e+06,2.21543e+06,85129.6,58684.5,6.75616e+06,4.52835e+06,20950.6,10739.7,2547.7,1610.7,428080
3.33889e+06,1.56541e+06,2184.11,4.30996e+06,2.7609e+06,10138.6,5872.6,34230.9,18674.7,10972.8,5216.5,1589.6,1043.4,428188
439415,452988,993.325,451831,477914,10949.9,10337.1,982601,903682,4664.1,2868.9,959.5,753.6,428233
513482,531902,988.55,974327,1.01331e+06,23068.7,21895.7,2.04191e+06,1.87137e+06,5822,3841.3,726.6,506.3,428239
457989,471410,994.85,1.03235e+06,1.09394e+06,28259.5,27074.1,2.31448e+06,2.12619e+06,6236.3,3572.7,518.8,513.6,428288
536598,554150,991.575,752323,779709,19769.1,18650.8,1.42042e+06,1.24251e+06,2788.2,2163.2,490.9,553,428305
1.40198e+06,1.16352e+06,1233.87,1.24116e+06,1.14473e+06,33669.7,26819.9,2.61914e+06,1.95597e+06,24330.1,14751.7,2708.1,1954.4,428333
507227,529273,981.348,892335,925404,24477.2,23834.4,1.91005e+06,1.73948e+06,5893.9,3647.6,1039.4,753.2,428342
449485,455977,1009.42,489708,530950,23480.5,23111,1.63929e+06,1.52982e+06,4532.9,2946.7,707.3,824.2,428367
503080,529660,972.619,1.00798e+06,1.04728e+06,18288,17065.7,1.30229e+06,1.16842e+06,6052,3649.5,790.8,618.1,428543
511329,531442,985.249,608721,629547,8428.8,8052.8,762091,691080,4046.7,2827.2,703.8,523.6,428595
520034,539180,987.646,757938,768028,10704.7,10332.8,966384,877788,3946.5,2878.5,212.6,472.9,428602
811417,626751,1325.73,2.2074e+06,1.75346e+06,56607.2,43011.7,4.33701e+06,3.18781e+06,13721.7,7647.9,1867.7,1157.4,428611
645283,677111,975.876,1.44623e+06,1.47086e+06,36913.6,35095.4,3.18414e+06,2.88384e+06,11565.1,7186.7,1395.1,1087.1,428640
460231,472188,998.077,904472,962345,25182.7,24144.7,2.43301e+06,2.23148e+06,5795.2,3386.7,574.6,671.1,428831
1.75915e+06,1.13347e+06,1589.26,2.20132e+06,1.61153e+06,7407.6,4849.6,35049.7,22443.2,7665.2,4499.3,963.1,789,428941
1.64074e+06,1.1609e+06,1447.26,4.08302e+06,3.0034e+06,97672.3,66822.9,7.79999e+06,5.23919e+06,20998.3,10720.8,2412.4,1614.5,429013
497270,526729,966.731,996908,1.02389e+06,25403.8,24673.5,2.06474e+06,1.88135e+06,6320.5,3940.3,781.8,703.8,429025
498766,530620,962.534,993122,1.01394e+06,20818.1,19814.1,1.8978e+06,1.74041e+06,6730.4,4270.9,846.4,946.8,429101
996266,1.00473e+06,1015.37,1.93715e+06,1.90338e+06,51200.2,47010.8,3.91387e+06,3.41707e+06,13696.7,8366.3,1477.5,1288.8,429148
1.72431e+06,1.25629e+06,1405.49,2.57511e+06,2.06792e+06,88600.9,66627.3,6.97993e+06,5.16009e+06,20757.3,11385.3,2445.9,1753.6,429188
475490,510695,953.422,1.02152e+06,1.07286e+06,17306,17185.3,1.24602e+06,1.16519e+06,7701.7,4958.2,997.8,721.7,429206
294817,281720,1071.64,1.23024e+06,1.13051e+06,1844,1812.6,9786.2,8452.2,2555.4,1842.6,20.6,321.5,429208
1.00718e+06,909061,1134.53,2.57622e+06,2.20271e+06,70354.1,58517.3,6.26529e+06,5.01625e+06,12213.7,7414.5,1559.7,1332.2,429286
498802,535591,953.675,1.1238e+06,1.15086e+06,21042.6,20912.9,1.60183e+06,1.47564e+06,5764.3,3767.1,848.2,874.7,429576
506518,525174,987.635,781621,800890,21894.4,20412.5,1.57371e+06,1.42102e+06,4527.3,3068.9,515.2,455.5,429633
498698,527062,968.905,1.03838e+06,1.06991e+06,13417.3,12765,1.30454e+06,1.19955e+06,5973.5,3860.4,796.6,669.2,429764
483513,499272,991.677,1.24773e+06,1.29217e+06,40142.7,39073.9,2.70748e+06,2.48871e+06,5887.5,3368.3,491.6,525.9,429866
525586,538671,999.139,756552,796714,12686.7,12088.3,885604,783993,2495.4,1795.3,458.5,405.8,429926
511480,528620,990.804,472070,491127,9228.4,8443.8,995807,877469,3062.1,2295.1,222.7,373.5,429954
451618,453863,1018.95,702644,764953,22034.1,21979.2,1.78445e+06,1.66043e+06,4166,3050.5,516.7,710.8,430162
599813,525312,1169.22,321787,316503,14988.5,14523,380320,351830,4273.5,2776.9,596.9,705.2,430185
527244,553987,974.572,1.50551e+06,1.55935e+06,23641.5,21866.8,1.97121e+06,1.73997e+06,5431.6,3605.4,467,659.9,430226
531904,576521,944.752,1.46062e+06,1.47833e+06,32046.5,30213.5,2.80178e+06,2.48169e+06,5906.1,4071.3,564.9,724.5,430247
431983,392172,1127.96,143232,139942,800,954.9,2834.8,2924.7,668.6,802.5,-99,447.5,430322
473829,491295,987.609,1.33385e+06,1.42435e+06,41086.1,39046.3,3.09632e+06,2.76209e+06,4906.3,3147.9,516,585.8,430677
502729,524839,980.875,893346,940228,25098.6,24934.4,2.2912e+06,2.11392e+06,5256.8,3274.6,809,704.4,430701
512110,555094,944.714,1.3483e+06,1.35527e+06,32839.1,31512.1,3.31579e+06,3.02087e+06,5262.1,3710.8,599,779.4,430738
507212,540838,960.344,1.0791e+06,1.11555e+06,16512.1,15728.6,1.87223e+06,1.69409e+06,4837.7,3256.7,814.8,770.9,430950
521529,549393,972.066,1.01632e+06,1.03642e+06,15066.2,14720.6,1.11951e+06,1.01876e+06,3790.8,2924.3,310.8,487.9,430989
440737,451822,998.89,347006,365251,11619.7,11216.4,1.22757e+06,1.13569e+06,3701.3,2784.4,687.3,570.7,430992
506377,532039,974.621,1.25489e+06,1.29306e+06,18092.3,17318.5,1.59097e+06,1.41998e+06,8830.4,5444.3,1046,1112.1,431048
431242,441685,999.798,950629,1.01251e+06,30383.8,29647.5,2.13012e+06,1.9526e+06,5119.3,3231.9,789.1,520.1,431079
424142,429766,1010.61,756457,802938,11880,11515.9,1.07723e+06,998095,5048.2,2969.3,809.3,782,431115
508302,537372,968.611,1.07414e+06,1.12482e+06,22338.4,21963,1.64327e+06,1.50379e+06,5782.8,4115.3,388.9,589.6,431220
499088,537043,951.635,994513,996663,29233.9,28006.5,2.47039e+06,2.26557e+06,6394.5,4445.9,913.1,802.8,431233
507786,529917,981.243,833935,857096,10449.2,9725,993469,905675,5327.5,3502.4,773.4,816.9,431300
440585,442505,1019.56,974248,1.0441e+06,18787.2,17644.2,1.72812e+06,1.56008e+06,4900.7,3111.6,762.9,680.1,431323
455419,482214,967.111,948474,995799,12466.6,11774.9,1.12779e+06,1.02835e+06,6728.5,4053.3,965.8,641,431406
501903,536019,958.83,1.01828e+06,1.02845e+06,24893.2,23452.2,1.85227e+06,1.6958e+06,5282.4,3751.6,703.5,731.7,431433
502939,533607,965.16,1.0999e+06,1.10607e+06,15551.9,14358.5,1.45531e+06,1.28152e+06,6728.1,4516.4,717.4,801.9,431455
504658,525835,982.766,973103,1.01203e+06,28666.6,28252.2,2.00455e+06,1.8323e+06,5391.7,3517.3,657.1,601.3,431480
320796,326904,1004.87,436973,454131,1691.7,1992.4,6758.7,6963.7,1584.9,1429.7,-21.5,266.7,431594
471962,482457,1001.73,1.07227e+06,1.13929e+06,15912.2,15118.7,1.02089e+06,925442,5409.7,3672.8,721.4,630.4,431604
515712,544446,969.967,1.52223e+06,1.58497e+06,31297.8,30445.5,2.51794e+06,2.29447e+06,6217.8,4008.8,568.2,527.9,431608
436434,449728,993.729,844877,902303,21303.4,20305.3,1.6244e+06,1.49805e+06,5332.4,3382,699.9,783.6,431614
519550,544695,976.74,879129,863954,13914.9,13143.7,1.2934e+06,1.1352e+06,2788.4,2282,236.9,531.7,431679
1.15084e+06,1.0501e+06,1122.24,2.12629e+06,1.9337e+06,50672.6,42836.6,3.5636e+06,2.88074e+06,14413.9,8508.3,1686.8,1337.6,431845
593370,633387,959.309,1.44255e+06,1.43668e+06,30369.9,27787.9,2.16444e+06,1.86552e+06,6303.2,4276.7,885.1,771.3,431915
439912,446848,1008.1,636259,686110,15117.6,14986.3,1.20613e+06,1.12285e+06,3891.8,2700.4,229.5,421.4,431919
435501,459963,969.546,965135,997775,29450.1,27919.8,1.94587e+06,1.78123e+06,6506.4,3838.4,605.9,647.8,431951
543169,560271,992.754,441647,453923,9146.7,8850.4,770486,679311,2097.4,1661.6,231.1,482.7,431991
424211,434168,1000.53,1.01328e+06,1.07398e+06,14473.6,13739.4,1.22238e+06,1.11047e+06,5303,3254.4,597.1,682.4,432154
641924,632684,1038.96,716588,751722,25719.4,23234.1,2.05196e+06,1.8028e+06,7253.2,4455.6,672.3,814.5,432155
524754,541711,991.957,658553,667470,13957.3,13019.4,1.06106e+06,941291,2104.1,1704,382.6,472.8,432374
189420,212141,914.348,244118,262236,1847.3,2153.5,6761.8,7493.4,665.6,792.7,324.2,498.2,432427
516301,540624,977.943,1.21452e+06,1.26397e+06,34467.2,33140.3,2.69944e+06,2.43907e+06,5218.6,3247.8,469.7,692.1,432480
829135,770195,1102.37,1.96362e+06,1.83404e+06,10951.3,9977.4,28517.8,26001,15351,8659.7,1205.1,766.2,432522
1.00638e+06,860783,1197.21,1.7583e+06,1.45559e+06,26778.4,20996.2,3.02547e+06,2.31241e+06,7885,4786.8,998.4,899,432598
500708,539258,950.801,983996,1.019e+06,35393.3,33731.9,2.61466e+06,2.41787e+06,6967.7,4564.4,1125.7,914.1,432672
787196,764706,1054.12,824970,814649,16203.3,14344.5,1.37894e+06,1.18339e+06,6336.3,4509.4,805.8,683.6,432755
699705,664139,1078.84,1.28849e+06,1.32609e+06,30419.3,27102.6,2.15329e+06,1.83535e+06,13114.6,7356.4,1538.1,1242,432757
493100,509976,990.112,1.02652e+06,1.10081e+06,22454.7,21423.1,2.02208e+06,1.80769e+06,5436.6,3551.6,817.3,670.5,432821
485398,513083,968.753,1.33928e+06,1.4086e+06,29367.5,28117.9,1.6821e+06,1.52598e+06,5444.5,3372.7,657.8,630.8,432838
508408,541873,960.761,1.12681e+06,1.11704e+06,35420.8,33354.9,2.63846e+06,2.31186e+06,8218,5479.5,902.1,885.5,432899
535730,571224,960.385,1.54386e+06,1.57302e+06,53746.4,51721.9,3.73608e+06,3.34372e+06,5750.9,3958.4,765.2,801.3,432919
1.13081e+06,957450,1209.41,4.79926e+06,4.63727e+06,4123.4,3674.9,14464.4,11404.2,7869,5312.2,607.1,768,433222
486833,514452,969.031,1.0362e+06,1.08174e+06,26210.7,25219.2,1.69852e+06,1.57392e+06,7160.9,4683,1014.5,747.7,433227
493347,520508,970.573,977300,1.01421e+06,17182.5,16437.5,1.6649e+06,1.49702e+06,5275.9,3604.3,634.9,739.2,433248
485285,525770,945.152,1.04482e+06,1.05475e+06,31768.2,30996,2.27728e+06,2.0938e+06,5234.7,3545.1,645.2,483.3,433260
520676,562206,948.367,1.42444e+06,1.48303e+06,22763.8,22012.1,1.91133e+06,1.75783e+06,6538.5,4523.8,466.5,467.7,433320
1.13158e+06,816846,1418.56,4.27107e+06,3.39853e+06,5003.8,3880,17088,13213.1,15485.2,8532.3,585.2,590.4,433405
437468,449113,997.451,616730,664990,17775.5,17490,1.56576e+06,1.44619e+06,5044.3,3503.5,763.3,811.7,433418
484293,506110,979.869,921262,965237,24404,22888.7,2.21113e+06,2.02118e+06,6602.1,4305.6,687.6,761.6,433446
1.06743e+06,986084,1108.47,1.90463e+06,1.69645e+06,48114.8,41985,3.26736e+06,2.70451e+06,7312.6,4587.9,925.1,771.7,433488
513662,534657,983.789,888715,923093,15827.1,14908.5,1.25522e+06,1.14006e+06,5627.3,3494.9,707.5,637.8,433497
536979,574177,957.66,1.48719e+06,1.49906e+06,26512.5,25026.5,2.7551e+06,2.46488e+06,5160.5,3617.2,666.5,689.2,433531
495000,531540,953.614,1.07581e+06,1.11561e+06,21498.9,21464.4,2.02866e+06,1.89922e+06,6629.5,4456.2,637.8,604.4,433538
455390,465239,1002.34,1.31416e+06,1.38717e+06,17930.1,16720.8,1.83581e+06,1.65393e+06,6506.9,3927.7,512.1,473.6,433539
503249,527331,977.241,986975,1.02048e+06,21789.5,20564.9,2.10171e+06,1.90709e+06,5992.5,3740.6,1013.4,779.1,433614
500428,523744,978.414,704276,694776,7390.1,7207.6,764733,679132,3038,2075.3,679.3,656.5,433688
515141,548055,962.513,1.49041e+06,1.55627e+06,19772.5,19650.3,2.0362e+06,1.86676e+06,6123.5,3839.3,739.3,737.4,433690
480940,505631,974.008,998694,1.04935e+06,19177.5,19068.1,1.74274e+06,1.6294e+06,7540.2,4908.6,771.1,748.1,433770
480521,486970,1010.44,1.17011e+06,1.24294e+06,28447.6,27983.8,2.32128e+06,2.05751e+06,5617.8,3293.3,752.6,672.3,433808
454719,466047,999.125,1.04187e+06,1.07653e+06,13949.7,13357.2,1.3311e+06,1.18039e+06,7717.1,4829.2,999.9,994.9,434186
897564,803530,1143.84,1.98822e+06,1.84014e+06,41993.8,36529.2,3.94978e+06,3.25982e+06,12788.9,7528,1731,1100.6,434358
504291,527054,979.785,980733,1.01984e+06,27740.4,27081,1.94712e+06,1.78249e+06,5591.1,3472.7,773.6,734.1,434395
503713,529883,973.431,1.33181e+06,1.38358e+06,32887.4,31683.4,2.92252e+06,2.67554e+06,5675.8,3895.1,551.6,753.6,434438
520206,536713,992.506,859194,894810,22856.6,22862.1,2.05759e+06,1.8921e+06,5346.8,3647.2,738.6,738.5,434583
456859,474794,985.323,1.03013e+06,1.08148e+06,20371.8,20272.2,1.33117e+06,1.24317e+06,7779.7,5277.8,827.9,835.2,434602
456130,468731,996.479,963687,1.0277e+06,32073.6,31050.8,2.18034e+06,2.00169e+06,5400.7,3386.2,783.1,671,434620
310991,304042,1047.41,563352,619502,869.3,1047.8,3611,3917.7,803.2,622.9,86.8,520.2,434678
462501,477021,992.839,1.13587e+06,1.21005e+06,17805.1,17631.5,1.44174e+06,1.29757e+06,4889.2,3036.3,747.7,785.7,434820
198807,195436,1041.68,316067,296440,332.9,637.6,681.5,1111,1061.6,937.4,253.5,367.9,434853
596237,621065,983.065,1.45155e+06,1.48501e+06,50313.8,46028.5,3.06513e+06,2.63698e+06,10420.2,5943.9,1308.4,947.5,434910
676234,662318,1045.52,1.54945e+06,1.55768e+06,24589.5,22482.8,2.10338e+06,1.81501e+06,12432.4,7149.8,1687.3,1423.8,435010
455131,456091,1021.85,1.24006e+06,1.29529e+06,32418,31299,2.50304e+06,2.27567e+06,5726.8,3366.9,865.5,886.9,435055
511757,520824,1006.19,548251,550346,8722,8657.1,789507,701982,2650.5,1977.1,625.5,511.8,435113
163812,192155,872.97,278861,304309,3146.4,3515.9,12471.6,13850.8,726.7,587.2,581,687.8,435188
438703,454761,987.843,892828,952398,27447.4,26428.3,1.82135e+06,1.66545e+06,6430.9,3682.1,1039.2,805.5,435278
440503,447179,1008.72,873206,937320,22403.5,21061.1,1.79885e+06,1.64082e+06,5805.9,3817.2,834.5,679,435487
481422,511473,963.836,1.38941e+06,1.45062e+06,34031,32433.9,2.82521e+06,2.5427e+06,7224.2,4602.9,638,754.4,435572
524467,564175,951.939,1.46774e+06,1.48165e+06,18889.3,18326.5,1.74203e+06,1.56447e+06,5386.9,3747.8,442.1,513.9,435746
497564,530803,959.88,1.09728e+06,1.12575e+06,30956.2,29678.5,2.32042e+06,2.08713e+06,6373.7,4583.4,991.1,670.7,435758
507220,536633,967.876,882606,862736,14744,14034.8,1.19623e+06,1.05708e+06,2179.3,1539.7,311.3,448.4,435863
495950,521053,974.675,564245,560922,10879.8,10295.9,803002,712873,2528.3,1789,317.1,547.6,435897
642952,593361,1109.58,113017,78413.7,8043.3,5751.6,46717.1,33357,2954.2,2011.6,461,811.3,435925
508771,532699,978.009,1.10531e+06,1.10053e+06,34758,32701.5,2.33967e+06,2.04899e+06,7466.5,4684,963.7,700.1,435950
434928,440948,1010.03,854852,916456,22589.1,21789,1.71104e+06,1.56808e+06,4916.3,3166.3,741.6,635.2,436009
486671,530967,938.583,1.01781e+06,1.05461e+06,14282.4,13470.1,1.51797e+06,1.39754e+06,6983.2,4549.5,587.6,628,436107
493154,525866,960.305,1.00902e+06,1.01905e+06,23149.9,22457.4,2.1873e+06,1.99703e+06,6426.4,4393.6,636.4,672.7,436210
528140,537451,1006.27,533512,544548,17343,16362.4,1.19507e+06,1.05667e+06,2828.9,2135.7,479.4,544.8,436291
512452,533767,983.122,781818,776978,12087.7,11417,1.14596e+06,1.02228e+06,3273.8,2255.6,339.4,558.1,436321
491821,507593,992.183,1.32152e+06,1.40347e+06,32710.7,31785.3,2.13032e+06,1.92631e+06,5446.1,3684.7,544.6,925.8,436354
162066,188267,881.507,298400,330748,3520,3935.3,13133.2,13629.2,823.5,800.3,685.1,573.1,436408
513122,523409,1003.88,493174,507592,7978.3,7031.7,860785,764620,2657,2214.5,711.3,693.4,436436
1.34942e+06,1.18596e+06,1165.15,2.98313e+06,2.49037e+06,91208.2,72388.6,7.35101e+06,5.44156e+06,19460,11882.6,2190.5,1481.2,436527
500426,517578,990.068,1.55354e+06,1.63162e+06,48136.5,47477.3,3.30753e+06,3.00572e+06,6686,3986.3,655,777.8,436545
298341,313514,974.447,57859.2,61526.8,-271.9,377.1,835.9,786.9,11.6,443,-163.5,497.5,436677
1.01313e+06,751069,1381.3,1.52028e+06,1.08977e+06,44434.4,32072.9,2.77377e+06,1.96413e+06,7515.4,4395.3,1001.5,770.4,436750
473646,492004,985.8,976116,1.03218e+06,28094,27036.4,1.87163e+06,1.71622e+06,5126.7,3145.5,392.6,483.9,436752
513330,533163,985.913,1.37161e+06,1.41368e+06,35814.7,33597.8,2.96578e+06,2.6275e+06,6019.8,3749.7,1002.7,670.1,436755
511158,545142,960.174,1.02976e+06,1.03454e+06,23977.6,22381.9,2.36945e+06,2.11367e+06,3923.3,2892.8,739.5,526.7,436794
682934,701858,996.393,1.60084e+06,1.59653e+06,27780.3,26288.3,2.61699e+06,2.29695e+06,8098,5235.4,898,746.8,436828
493969,512651,986.689,995829,1.04326e+06,28236.7,25970,2.1629e+06,1.90116e+06,7304.1,4538.6,893.8,763.8,436903
461201,482180,979.454,856555,915253,18205.2,18048.6,1.24118e+06,1.15042e+06,5550.5,3474.1,564.1,587.1,437006
503957,540439,954.888,1.14559e+06,1.17083e+06,29726.8,28600.3,2.29286e+06,2.10915e+06,6118.9,4346.5,870.6,739.8,437113
479636,492879,996.501,988215,1.06733e+06,17213.7,15995.7,1.36223e+06,1.22145e+06,5758.4,3396.6,599.8,733.8,437430
543906,565673,984.598,800060,820635,12808.7,12503.6,825039,718014,2239.1,2013.8,221.8,454.5,437511
478846,499882,980.912,1.50892e+06,1.58882e+06,25998.1,24914.7,2.67016e+06,2.43172e+06,6422.5,4038,583,721.2,437613
483961,513074,965.899,1.06196e+06,1.11053e+06,33376.7,32458.6,2.48331e+06,2.32113e+06,7034.2,4629.2,955.7,813.7,437640
451500,455584,1014.82,1.21402e+06,1.27943e+06,49036.1,47478,3.67801e+06,3.35718e+06,5962.1,3757.3,966,705.1,437654
651398,692014,963.907,2.04612e+06,2.1115e+06,4570.6,4483.3,16243.6,16152.3,4743.7,3457.2,424.7,615.9,437763
475845,484477,1005.76,1.03264e+06,1.10106e+06,33114.9,32732.4,2.2678e+06,2.08663e+06,4563.2,2901.8,539.2,663.8,437795
435182,454022,981.519,1.09349e+06,1.15302e+06,25868.9,25441.1,1.99603e+06,1.85582e+06,6118.1,3900.5,927.6,670,437897
525759,554236,971.392,1.41786e+06,1.4646e+06,28161.5,26497.3,2.20575e+06,1.9678e+06,4959.1,3408.8,639.5,767.5,437928
854925,773473,1131.83,2.35975e+06,1.94217e+06,57610.6,53791.3,3.41877e+06,3.00963e+06,7536.5,4565.8,1175.4,824.6,438079
473790,495659,978.826,697829,742800,23477.9,23102.5,1.58977e+06,1.42336e+06,3959.3,2651.8,392.8,587.7,438081
504635,535884,964.294,982445,1.01387e+06,15480.7,14925.6,1.76717e+06,1.60554e+06,6216.8,4016.4,801.7,804,438191
509145,523634,995.669,515426,535105,5861.8,5630.5,498572,456015,2808.5,1856.8,206.2,421.3,438211
715652,731676,1001.58,1.50474e+06,1.45608e+06,32597.9,29343.5,3.16314e+06,2.70806e+06,10667.2,6923.5,1416.2,986.1,438218
491050,533594,942.359,1.02217e+06,1.04329e+06,17840.8,17079.3,1.86183e+06,1.70175e+06,5666.8,3519.3,534.1,551.5,438295
493210,503654,1002.78,868132,944269,28572.5,27316.1,2.20141e+06,1.97337e+06,5394,3732.4,735.3,917.2,438362
532149,557090,978.158,1.33707e+06,1.39311e+06,16879.7,16126.1,1.46195e+06,1.32247e+06,5083.9,3423.2,594.1,553,438379
440576,463228,973.933,797238,851756,23331.6,22749.2,1.84799e+06,1.69544e+06,5307.2,3307.3,721.2,635.3,438431
486315,512366,971.946,1.28518e+06,1.33139e+06,34235.8,32656.2,2.10273e+06,1.85585e+06,9339.8,5675.6,1222.4,925.9,438433
470017,489813,982.624,714796,752942,12861.4,12344.2,1.41279e+06,1.25893e+06,3684.4,2536.8,552.1,860.7,438735
465096,491068,969.851,956914,1.00877e+06,15928.9,15226,1.25723e+06,1.11482e+06,5785,3684.1,868.4,814.6,438757
503383,540829,953.109,992704,990016,21746.4,20930.4,1.8202e+06,1.66139e+06,5649,3752.9,718.3,812.9,438819
230733,259291,911.226,1.3914e+06,1.57142e+06,2661.1,3304.4,2087.2,3084.8,7144,4378.1,442.9,535.4,438851
517924,534624,992.011,766172,778960,18132.2,17475.7,1.62419e+06,1.45868e+06,3214.8,2127.5,236.6,508.3,438999
508783,533736,976.124,869362,889344,28996.4,27429.9,1.97133e+06,1.77281e+06,4837.8,3651.3,567,704.4,439036
554129,582354,974.373,1.52418e+06,1.58526e+06,25579.5,24351.7,2.70955e+06,2.46596e+06,7936.4,5243.4,1044.5,736.1,439116
457665,468400,1000.55,914853,971542,22232,21216.8,1.81352e+06,1.67166e+06,5401.5,3457.2,682.8,523.2,439201
481996,504553,978.222,1.59253e+06,1.67768e+06,39696.4,38512.1,2.91893e+06,2.64211e+06,6801.4,4109.3,919.4,722.1,439348
337212,251983,1370.39,191517,114464,108346,90513.7,86013,70673.9,6684.4,4597.1,2125,2033.7,439487
447202,473502,967.135,1.07013e+06,1.11917e+06,16974,17391.6,1.24725e+06,1.16198e+06,7087.5,4528.6,868,650.4,439520
442087,455400,994.062,1.07611e+06,1.12119e+06,17457.3,16690.9,1.87426e+06,1.73078e+06,6326.2,3875.5,794.5,719.9,439548
537669,568804,967.955,1.21462e+06,1.2496e+06,19153.8,18374.1,1.47599e+06,1.29727e+06,6939.5,4553.5,662.3,793,439581
466086,489113,975.791,916376,962530,31181.5,30008,2.20887e+06,1.99963e+06,6262,3901.8,892.4,495.1,439606
488555,514108,973.109,994045,1.02701e+06,22587.6,21380.2,2.04113e+06,1.84205e+06,6053.7,4197.5,645.9,754.3,439651
468655,415858,1154.01,610214,586572,1343.1,1402.2,3629,3490.7,1567.6,1373.3,104.6,410.1,439900
446792,464845,984.24,1.0412e+06,1.10588e+06,24238.1,23406.6,2.37576e+06,2.17647e+06,5393.8,3153.1,662.4,480.9,439911
864048,713037,1240.88,2.57266e+06,2.18918e+06,66171.6,53435.3,5.74953e+06,4.43368e+06,9571.2,5491.7,1116.2,934.8,440070
524346,558790,960.891,1.05399e+06,1.03935e+06,17051,16102.9,1.52799e+06,1.32217e+06,2719.3,1889.1,92.5,613.3,440145
534258,558417,979.7,1.27852e+06,1.30795e+06,18048.4,16511.7,1.56563e+06,1.37115e+06,7570.6,4723.9,913.1,864,440321
523712,551859,971.775,1.21842e+06,1.22707e+06,30373.2,28305.9,2.20487e+06,1.95429e+06,3864.3,2695.3,754.3,646.6,440331
502242,550773,933.778,1.48827e+06,1.53575e+06,40622.2,40216.8,2.6417e+06,2.41185e+06,6011.8,4178.9,647.8,714.3,440507
1.24871e+06,766958,1667.22,2.78415e+06,1.73209e+06,59441.8,35775.8,5.45226e+06,3.25996e+06,14441.9,7083.6,1740.7,1215.2,440510
817476,618383,1353.7,1.50793e+06,1.17726e+06,49216.9,36959.9,3.74166e+06,2.76199e+06,9453.3,5418.9,1259.9,937.5,440539
469776,493963,973.865,1.46822e+06,1.5383e+06,17720.2,17189.8,1.58903e+06,1.42985e+06,6126.3,3762.4,666.8,726.1,440715
439360,457771,982.821,938968,974602,38904.2,38199.1,2.3241e+06,2.13758e+06,6954.8,4292.5,900.2,851,440719
712530,725867,1005.19,1.48138e+06,1.43469e+06,47575.9,43277.3,3.88805e+06,3.37964e+06,9610.3,6401.3,1012.9,979.4,440765
521168,537361,993.143,770227,780271,30247.2,29193.6,2.27181e+06,2.04162e+06,4523.5,3108.7,506.9,548.6,440780
483688,515719,960.413,968000,994575,26388.1,25066.4,2.31981e+06,2.11382e+06,7353.4,4926.1,913.9,703.3,440917
181077,197502,938.866,186863,199008,6874.7,7499.8,5662.1,6046.6,3965.7,2727.8,280.4,447.1,441163
513826,531741,989.51,751719,754612,14780.9,14449.6,1.27655e+06,1.15568e+06,3660.7,2685.7,430.4,549.1,441189
493080,515316,979.822,1.12899e+06,1.17406e+06,20338.3,19426.1,1.28376e+06,1.17088e+06,8261.5,5071.4,1065.3,730.1,441249
487482,530327,941.282,998414,1.02303e+06,37420.4,36258.4,3.06544e+06,2.83075e+06,7374.3,4689.2,1140.7,894,441317
455208,463873,1004.87,669779,726217,16774.9,16167.6,1.63526e+06,1.52073e+06,4072,2515.6,418.9,496.2,441367
335647,311620,1102.97,408327,400567,1.13364e+07,5.7023e+06,5.27341e+06,5.1541e+06,5590.6,3646.2,24209.4,15758.5,441386
501119,533273,962.259,1.01217e+06,1.02673e+06,33492.5,33075.3,2.4844e+06,2.27585e+06,6012.9,4382.2,650,771.3,441393
531168,546490,995.293,669913,683340,9406.2,8582.8,742125,652747,1942.3,1405.9,228,500.9,441458
999858,925017,1106.85,2.15845e+06,1.89401e+06,75973.2,63894.3,4.5567e+06,3.6771e+06,12901.1,8131.2,1492,1437.7,441579
496988,537082,947.558,982816,1.01612e+06,31578.3,30690.5,2.10322e+06,1.91942e+06,5294.8,3686.6,836.1,627.1,441627
506965,533808,972.507,802394,808457,18130.4,17546,1.23619e+06,1.11337e+06,3518.6,2790.3,526.2,493.3,441706
178268,212987,857.085,325832,350711,3348.9,3195.7,12551,13469,613.9,701.2,688.3,933.3,441713
2.73975e+06,1.89955e+06,1476.94,6.15057e+06,4.14254e+06,167884,114725,1.60062e+07,5.69083e+06,45545.9,24266.1,5757.2,3396.9,441756
516832,547724,966.252,1.28672e+06,1.30209e+06,33604.4,31559.9,2.58491e+06,2.28451e+06,9004.8,5426.4,996.7,848.2,442033
438395,451467,994.356,828372,879505,19322.3,18633.6,1.5851e+06,1.44586e+06,6666.7,3899.3,910.3,736.1,442200
468818,494532,970.762,920039,972973,26239.3,24843,1.96327e+06,1.78829e+06,7085.6,4351.7,1134,772.2,442253
159958,189437,864.672,310761,336269,3471.4,3753.1,13886.6,15300.7,4434.2,2943.3,958,943.7,442297
492329,509631,989.249,825752,879384,16779.9,16400,1.52789e+06,1.4128e+06,5274.4,3342.9,720.2,651.9,442402
448644,461230,996.068,782182,838258,11797.6,11363.1,1.18028e+06,1.07138e+06,5349,3604.5,550.5,634.2,442409
157557,187730,859.424,312414,338696,3586.8,4325.5,13758.6,14739,844,642.3,538,606.9,442413
505255,533515,969.765,974398,1.00946e+06,16595.7,16239.3,1.63792e+06,1.49581e+06,4971.3,3105.5,785.1,803.7,442441
504907,516869,1000.31,959916,1.01744e+06,25363.7,23300.2,1.95208e+06,1.71589e+06,5300.5,3616.1,837.2,850,442454
995131,597060,1706.73,1.19786e+06,707668,28705.8,16932.5,2.0098e+06,1.15221e+06,5091.2,2825,903.8,492.6,442464
667527,370138,1846.75,1.91902e+06,1.07471e+06,4451.6,2662.6,17467.3,9946.5,6373.8,3306,543,590.1,442482
511848,519816,1008.3,107612,106973,1755,1736.8,170519,155272,593.1,742,303.5,479.9,442511
503712,522614,986.975,1.33246e+06,1.37338e+06,44429.2,43163.3,2.96138e+06,2.69011e+06,6253.9,3872.8,674.2,664.6,442598
178206,198243,920.513,248145,272940,3005.4,3473.8,13935.1,14056.2,1221.5,848.5,874.4,699.8,442607
432688,439110,1009.04,464831,485156,22816.7,21633.4,1.58160e+06,1.41855e+06,3925.7,2762.2,886.6,700.3,442632
489028,507516,986.705,1.00511e+06,1.02211e+06,31322.8,30430.5,2.25595e+06,2.07555e+06,7255.3,4552,1155.4,1017.1,442637
466449,479312,996.534,951503,1.00922e+06,18503.8,17752.7,1.71441e+06,1.5681e+06,5921.6,3485.5,391,624.7,442646
506792,524194,990.008,430316,450338,12668.4,11810.4,859509,762752,2104.3,1825.2,-90.8,471.4,442650
937705,746376,1286.5,1.15765e+06,886527,15619.8,11645,1.19418e+06,863452,3548.1,2573.9,540.5,509.2,442661
436983,451426,991.241,916635,970080,22728.8,22026,1.62301e+06,1.48598e+06,5978.3,3419.1,621.4,657.9,442690
448961,447073,1028.33,667574,691567,20562.9,20002.8,1.76001e+06,1.56251e+06,4337.7,2749.6,593,710.6,442716
934723,491036,1949.27,637119,503732,12734.6,7897.2,1.0091e+06,559214,2941.1,2069.8,423,560.4,442743
443720,453184,1002.63,1.04881e+06,1.09666e+06,39711.5,37111.2,2.62645e+06,2.26907e+06,6820.4,4266.6,671,540.9,442803
636641,630332,1034.26,1.33295e+06,1.36806e+06,32514.5,29447.4,3.22245e+06,2.75054e+06,11070.9,6095.5,1351.4,1099.3,442810
443099,456142,994.732,1.05322e+06,1.10113e+06,21290.1,21340.7,2.08341e+06,1.93461e+06,5936.2,3732.3,712.8,752.2,442816
513882,532969,987.329,391125,408081,6988.7,6947.4,716239,647370,1953,1493.2,365.2,430.5,442875
660469,645685,1047.45,34512.6,31505,565,574.8,28049,22868.7,75.9,525,-175.8,384.3,442877
710999,722699,1007.42,1.97468e+06,2.01622e+06,34253.7,31885.6,3.44952e+06,2.99286e+06,12377.7,7139.4,1386.4,1189.2,442892
404357,416475,994.211,456195,433144,11031.3,9946.1,990927,862075,1819.4,1494.4,272,464.3,442904
484318,489824,1012.49,689631,661604,11995.9,10645.6,1.03961e+06,877501,2737.4,2083.1,486.2,498.1,442909
538256,556697,990.082,779367,760667,8493,8056.4,654025,557066,1631.6,1450.9,-14.4,438.4,442924
694700,667189,1066.23,656316,609498,12364.3,10980.5,949115,792996,3122.9,1973,467.1,512.6,442966
516186,528349,1000.44,567945,550436,7585.9,6304.3,800992,677985,2325.2,1679.4,92.2,580.5,442968
477063,505183,967.013,718282,710809,16237.1,15565.7,1.48324e+06,1.31287e+06,3634.4,2725.7,326.3,386.9,442972
828160,636618,1332.1,2.26478e+06,1.81452e+06,67368.9,51811.4,4.23468e+06,3.11956e+06,12597.7,7191.7,1408.5,1126.4,442973
387722,385801,1029.1,843806,879999,22927.3,22020.2,1.8197e+06,1.67079e+06,6518.5,3626.2,699.1,595.3,443001
480825,529269,930.281,612122,588085,12968.6,11906.2,1.09048e+06,984860,5829.1,4049.2,857.1,573.5,443033
481002,528767,931.512,881602,876752,18469.3,17560.9,1.70211e+06,1.50799e+06,4764.1,3496.5,648.3,745,443095
342611,327394,1071.6,279826,286503,13364,13025.5,1.0769e+06,970357,3082.4,2143.5,523.6,623.7,443117
1.01571e+06,806170,1290.17,327002,261467,6441,4621.9,411218,306843,807.2,989.2,-243.5,360.3,443121
505432,529242,977.933,1.38638e+06,1.45563e+06,34098.2,32510.5,2.82832e+06,2.53204e+06,5671.2,3416.9,553.4,634.4,443138
409482,406302,1032.03,90293.1,88276.3,1670,1568.5,116825,101214,1009.3,732.3,-86.6,366.2,443146
432040,457100,967.868,882132,951816,11863.7,11386.2,1.13304e+06,1.07237e+06,8022.8,5001.9,1037.4,736.7,443195
439730,433919,1037.73,117090,113795,7267.5,6706.4,399244,342104,769.9,994.5,116.6,356.4,443235
402775,433204,952.081,745581,727411,18934.1,17675.8,1.67558e+06,1.49715e+06,4947.2,3407.3,470.8,879.6,443253
511966,525566,997.513,359732,381669,9063.2,8740.6,811591,732838,1596,1335.9,-241.7,466.1,443295
1.2212e+06,740385,1689,276811,152733,13567.8,8702.4,1.10117e+06,672641,2611.2,1362.9,272,451.5,443309
521509,529731,1008.11,77476.1,76596.2,1224.6,1395.4,107661,93588.5,413.9,665.8,325.6,475.3,443311
546556,575515,972.477,821288,806371,22478.1,20461.3,1.79862e+06,1.55458e+06,4648.9,3303.9,517.9,655.8,443318
747252,765244,999.928,1.43148e+06,1.41638e+06,36704.9,33452.3,3.10813e+06,2.65088e+06,9952.6,6537.4,1029.5,976.6,443329
526373,560430,961.781,1.176e+06,1.14229e+06,16580.1,15475.8,1.30335e+06,1.11191e+06,6801.4,4776.8,565.1,689.6,443334
778272,767828,1037.93,558108,575827,10850.9,9661,705887,594728,2911.5,2116.7,328,413,443360
547091,561848,997.105,66582.3,63588.5,1090.9,863.3,85426.1,73755.9,457.8,484.5,69,210.1,443377
1.12343e+06,928114,1239.5,881764,759096,19193.2,14566.7,1.42781e+06,1.08391e+06,4060.4,2805.7,637.3,557.2,443386
401030,415644,988.003,974349,1.04209e+06,26015.2,26108.9,1.96591e+06,1.84284e+06,5651.9,3247.9,655.5,898.3,443390
395900,422157,960.32,669847,645302,12087.5,11419.6,1.01685e+06,902405,5685.3,3823,652.7,515.2,443451
445103,443336,1028.1,110260,107032,4578,4293.8,328615,278518,723.1,766.4,87,381.9,443462
480670,497112,990.13,332611,353960,10514.5,10015.7,888609,810464,2673.4,1992.2,430,362.1,443476
465263,492692,966.998,874704,946440,10625,10159,1.02408e+06,974236,6585,4347.6,894.9,746.2,443487
525577,533594,1008.62,564261,570380,7236.2,6665.1,773725,692618,2081.2,1812.7,391.1,560.8,443491
507406,521948,995.477,502602,503425,2857,2650.2,207787,182506,1948.5,1311.4,309.5,550.7,443511
351461,318512,1129.93,641977,654189,19512.9,17869.3,1.793e+06,1.56238e+06,3465.1,2519.8,476.8,720.9,443533
982066,1.03329e+06,973.238,1.54933e+06,1.48259e+06,26880.8,26182.1,2.75177e+06,2.53078e+06,10875.8,7100.4,1213.6,973.7,443538
609416,623756,1000.46,817450,791880,22946.3,20538.5,1.62335e+06,1.38914e+06,3607.3,2441.9,610,607,443547
552234,569144,993.576,686400,682214,9812.6,9097,874289,751394,1696.2,1449,9.6,361.2,443605
1.35216e+06,1.1588e+06,1194.87,1.45854e+06,1.24263e+06,30227,24556.7,2.61452e+06,2.03141e+06,7532.5,5230.9,643.4,613.6,443633
1.45575e+06,749716,1988.34,4.90341e+06,2.79103e+06,8159.4,4736.8,32293.2,17149.1,15420.6,7546,1213.2,921.8,443663
502110,522289,984.437,774399,785341,26773.8,25413.3,1.78285e+06,1.59981e+06,3892.8,2812.4,389.3,508.2,443673
371006,360201,1054.72,336133,342545,16034.7,15391,1.36829e+06,1.21189e+06,3766.7,2490.4,663.9,668.7,443731
917383,690484,1360.5,3.88446e+06,3.3288e+06,76767.3,58444.6,5.67056e+06,4.07398e+06,21603.9,11749.8,2883.3,1759.3,443737
525464,544940,987.409,1.02972e+06,1.04596e+06,29688.4,27876.4,1.93996e+06,1.69711e+06,6263.3,3901.3,918.1,692.1,443754
509288,521106,1000.78,907092,875323,16489.7,15231.8,1.32417e+06,1.13224e+06,2101.1,1553.5,337.6,483.9,443811
667546,688841,992.344,1.90944e+06,1.88722e+06,50253.8,46759.7,4.60548e+06,3.97425e+06,8825.8,5452.2,796.8,909.6,443825
471895,507186,952.751,1.1044e+06,1.16956e+06,37328.4,36707,2.52086e+06,2.35619e+06,6813.5,4416.1,827.1,827.4,443850
388039,385276,1031.35,326670,333242,5041.5,5223.7,626332,570461,4211.8,2640.5,543.7,487,443920
797602,608438,1342.38,1.92153e+06,1.48447e+06,56280.3,41721.6,4.30652e+06,3.11255e+06,12069.5,6526.1,1565.3,1090.1,443940
420328,425638,1011.24,654706,696720,25803.8,24371.4,2.0675e+06,1.89276e+06,4202.6,2610.7,510.1,529.4,443970
415289,418273,1016.7,209655,219974,12207.9,11437.6,774607,688970,2123.6,1574.3,161.6,457.3,443988
440848,473434,953.522,721313,711499,16042.4,15359.5,1.4356e+06,1.29053e+06,5978.4,4576.6,612.9,654,444058
1.05635e+06,905381,1194.75,1.62134e+06,1.36848e+06,40293.8,32057.8,2.6267e+06,2.02232e+06,5475,3604.3,430.1,466.2,444075
516883,568248,931.438,1.26386e+06,1.31455e+06,43208.3,41638.6,2.35754e+06,2.11782e+06,5220.8,3715.2,784.5,824.3,444102
509773,538580,969.235,962229,960729,17657.7,16426.1,1.30107e+06,1.14899e+06,3174.3,2242.7,296.3,530.9,444114
835872,637885,1341.84,2.23339e+06,1.77745e+06,72433,53505.8,5.28766e+06,3.70436e+06,11671.8,6124.9,1295.7,1041.1,444199
1.59786e+06,1.08686e+06,1505.45,3.03152e+06,1.99976e+06,122495,79107.4,7.22717e+06,4.52397e+06,21652.2,11034.2,2833.3,1710.1,444211
910254,847414,1099.94,2.21187e+06,2.16413e+06,66376.1,60468.4,4.98184e+06,4.27299e+06,17216.9,9294.4,1696.7,1257.4,444231
439384,437061,1029.45,94575.8,92766.8,4109.9,4353.5,355391,309919,634.8,574,-12.3,446,444244
505110,520025,994.631,1.12795e+06,1.18335e+06,33987,32786.7,2.71537e+06,2.48402e+06,5406.3,3506.1,815.1,705.7,444276
447503,448890,1020.84,82172.9,79524.6,4454.9,3612.4,297624,261008,567.2,602.6,105.8,288.6,444287
479935,524734,936.586,866882,887977,8533.1,8287,923775,846869,5990,4166.2,539.7,588.9,444295
469730,474899,1012.86,528665,497291,7474.3,7126.5,614134,530820,1799.1,1530.6,260.8,425.2,444322
470149,489210,984.105,1.16617e+06,1.22943e+06,14411.9,13562.7,1.34291e+06,1.21968e+06,5868.8,3581.7,297.7,606.7,444342
504648,534144,967.453,1.03454e+06,1.06216e+06,39597.2,37614.1,2.63201e+06,2.39528e+06,6723.8,4101.6,972.4,864.3,444429
457442,506000,925.732,599761,597691,17976.2,17418,1.51246e+06,1.37052e+06,4385.2,3643.8,665.4,680.4,444439
534497,456385,1199.26,1.34541e+06,1.16133e+06,1757.7,1597.5,6297.1,5344.2,4847.1,3201.9,270.5,437.6,444505
488721,522219,958.32,1.02567e+06,1.0682e+06,35676.5,34962,2.82921e+06,2.62722e+06,7776.5,4851,792,554.5,444506
488304,511160,978.213,897738,939769,20537.1,19058.1,1.90805e+06,1.72157e+06,5360.5,3845.3,440.5,508,444508
505473,520662,994.138,600983,594323,10104.4,9686.4,882847,787466,2803.3,2084.4,308.8,548.8,444532
362006,353418,1048.89,457281,481955,20620.5,20024.6,1.53246e+06,1.39182e+06,4421.5,2743.3,849.7,713.7,444537
607061,611057,1017.31,552691,541403,14921.9,13867.6,926865,794451,2230.9,1867.3,411.6,470.7,444564
509467,528965,986.262,222927,232749,4179.4,3886.9,413549,373708,700.7,766.5,217.7,541.5,444638
433480,455270,975.001,1.02855e+06,1.09778e+06,31538,31467.6,2.24511e+06,2.10819e+06,5932.6,3947.1,767.7,634.6,444660
360666,360033,1025.8,607760,644847,15745.2,14823.2,1.61784e+06,1.4718e+06,4829.2,3241.3,663.8,662.4,444664
480935,506871,971.617,970597,1.02071e+06,20644.4,20140,1.66884e+06,1.52811e+06,5513,3531.1,899.6,642.1,444728
515944,530586,995.745,526383,542251,17404.1,16746.8,1.15725e+06,1.03466e+06,2742.4,2274.8,379.2,478.7,444820
534875,553985,988.677,864341,928118,24239.9,22831,2.26975e+06,2.05943e+06,6899.2,4479.8,638.3,625.7,444852
1.09949e+06,897931,1253.86,3.15573e+06,2.68079e+06,95812,76621.5,7.72938e+06,5.53231e+06,15166.2,7951.2,1895.5,1082.8,444898
831152,813650,1046.03,1.07499e+06,988855,19933.8,17324.2,1.70741e+06,1.42129e+06,5051.9,3362.1,541.6,598.8,444901
455744,458293,1018.31,177730,182468,7542.2,6799.9,743690,663462,1249,1144.9,116.1,372.4,444907
463253,491528,965.11,1.04742e+06,1.09939e+06,24082.8,24221,1.64064e+06,1.5335e+06,7152.7,4588.2,1106.8,870.1,444920
490836,529908,948.505,1.03799e+06,1.06428e+06,33738.2,33353.8,2.08525e+06,1.93394e+06,5509,3686.7,495.3,553.7,444954
511882,525052,998.321,997779,1.04898e+06,33507.3,30884.1,2.55261e+06,2.24541e+06,5574.7,3595.5,759.6,664.3,444965
3.21849e+06,1.11431e+06,2957.66,1.99176e+07,5.66376e+06,21311.4,7989,96997.9,36568.6,45606.5,17516.8,3356.9,1659.6,444966
467278,478846,999.275,1.08749e+06,1.13777e+06,41820.6,39823.9,2.61763e+06,2.3036e+06,7470.9,4520.9,992.7,902.2,445000
467629,477774,1002.27,267841,271251,8939.5,8758.2,741110,670964,2212.3,1592.2,195,425.1,445045
505505,531992,973.029,711925,709818,19943.7,18739.9,1.33202e+06,1.20228e+06,3754.6,2847.1,686.4,735.3,445049
463742,482637,983.919,1.46901e+06,1.55805e+06,25124.1,24211.1,1.93512e+06,1.77456e+06,6726,4127.4,1010.4,837.1,445064
441954,459693,984.495,990314,1.03065e+06,27283.1,27392.8,2.30555e+06,2.13582e+06,6304.7,3863.1,1168.3,838.7,445066
419130,430419,997.148,1.25597e+06,1.33418e+06,31175.7,29942.1,2.84406e+06,2.56702e+06,4656.8,2753.7,563.1,596.2,445076
522374,558274,958.153,1.23293e+06,1.2542e+06,31410.1,30329.9,2.23175e+06,2.02994e+06,5012.2,3383.9,698,666,445115
395317,392561,1031.19,539002,563559,19849.9,18473.8,1.88559e+06,1.64925e+06,4685.9,3014.2,659.4,683.6,445121
414053,415278,1020.99,302234,319330,6837.9,6437,575027,521626,2938.4,1587.1,228.4,582.6,445135
770908,792730,995.813,2.02614e+06,2.01911e+06,58377.8,54189,4.38295e+06,3.77426e+06,12076.8,7677.7,1273.1,1081.5,445204
497057,537423,947.097,1.06738e+06,1.08539e+06,13538.6,12890.3,1.30704e+06,1.20429e+06,5378.4,3737.5,387.5,597,445281
420986,419335,1028.05,1.20167e+06,1.26533e+06,14004.5,13492.1,814454,745265,5256.9,3270.4,651.7,523.3,445367
499491,530826,963.554,723913,711574,22542.8,21556.5,1.73128e+06,1.54555e+06,4002.1,2772.2,389.4,850.3,445389
481890,501292,984.373,947816,1.0036e+06,5007.4,4992.9,632821,594658,4880.1,2951,323.1,559.4,445408
463619,469052,1012.15,879926,842616,1521,1817.2,4630.9,3842.6,1448.7,1018,289.4,395.3,445421
458481,476323,985.648,854436,928358,19231.7,18725.9,1.23503e+06,1.14974e+06,4430.8,2977.1,552.9,684,445443
426334,433305,1007.53,996775,1.04263e+06,19026.5,18321.4,1.89645e+06,1.74662e+06,5962,3711.1,743.2,666.7,445451
542358,567151,979.247,691335,694746,13072.8,12438.3,793489,681574,1847.9,1553,155.1,415.4,445465
542144,567358,978.501,1.01636e+06,989841,5045.7,4549.4,336331,289112,2191,1870.5,321.2,392.8,445476
790829,613784,1319.37,1.80497e+06,1.4164e+06,51100.2,37543.1,3.83992e+06,2.78704e+06,14314.5,7601,1838.7,1027.4,445492
900989,791728,1165.33,7.97685e+06,5.62911e+06,7356.7,6117.5,26919.1,21286.8,17051.9,11207.7,903.7,796.9,445506
438683,451460,995.028,1.03391e+06,1.07577e+06,14570.1,13660.3,1.30189e+06,1.17013e+06,5859.9,3467.2,568.7,543.7,445507
433679,440181,1008.89,372082,390727,14730.1,14722.8,1.10717e+06,1.01082e+06,2378.3,1844.3,399.6,589.6,445512
421939,433562,996.552,284192,297932,16477.9,15361.6,1.04441e+06,924778,2782.5,1811.2,514.7,473.4,445564
460039,487182,966.96,910086,978834,21677.2,20424.6,2.23167e+06,1.99542e+06,6447,3844.9,876.1,711.7,445639
436523,454249,984.042,1.14942e+06,1.21894e+06,35422,35430.3,2.4754e+06,2.30578e+06,6167.9,3871.8,992.7,867.4,445654
293908,344145,874.521,209266,223779,936.4,1186.7,1843.9,2408.6,964.1,814,566.5,551,445786
435805,447992,996.159,376478,400070,8344.5,8166.2,838978,768398,4020.2,2598.6,469,554.9,445832
452684,465779,995.216,1.42597e+06,1.51338e+06,27734.5,26353.6,2.76847e+06,2.52121e+06,6139.5,3736.1,785.3,635.9,445870
1.18658e+06,1.08835e+06,1116.43,2.74201e+06,2.58218e+06,82342,73791.5,6.89372e+06,5.51555e+06,18803.9,11504.1,1953.5,1463.8,445891
517838,536698,988.019,654064,650017,15633.3,14320.8,1.34445e+06,1.19076e+06,3624.3,2546.6,395,709.2,445905
185009,215964,877.24,328845,356230,3320.5,3694.3,13075.3,14384.3,1108.3,986.1,503.1,557.8,445995
1.43243e+06,1.09566e+06,1338.74,5.26385e+06,4.49536e+06,7564.3,5811.1,36077.4,26928.4,14274.4,8038.3,1036.5,797.1,446010
993464,1.01645e+06,1000.85,1.90149e+06,1.87753e+06,57899.1,53613.6,4.15428e+06,3.60875e+06,11765.3,7264,1601.7,1217.2,446028
720016,718539,1026.11,1.61365e+06,1.6054e+06,53743.6,46275.1,3.65229e+06,2.95917e+06,11712.5,7059.2,1586.9,1027.4,446080
506697,540329,960.262,1.01905e+06,1.03872e+06,39524.6,38561.9,3.06122e+06,2.80482e+06,5312.6,3484.2,514.4,983,446147
431889,447979,987.227,931200,980321,20839.6,20114.6,1.73975e+06,1.61015e+06,6391.8,3880.2,708.2,787.4,446243
469140,478238,1004.53,1.2016e+06,1.27039e+06,27012.9,25100.1,2.38826e+06,2.12111e+06,7540.6,4698,901.5,793.8,446497
499812,531222,963.463,1.03276e+06,1.06083e+06,25805.3,24018.4,2.24337e+06,1.99256e+06,5615.4,3755.7,887,714.5,446727
499690,521066,981.996,969096,1.00487e+06,17466.6,16546.4,1.26148e+06,1.12374e+06,6174.4,3908.4,807.1,749.6,446842
439162,458759,980.271,998222,1.04158e+06,17364.1,17167.5,1.432e+06,1.33243e+06,6166.5,3835.1,721,666.8,446856
1.06423e+06,853885,1276.26,3.24785e+06,2.66879e+06,57951.1,44764.1,6.25015e+06,4.66248e+06,18856.9,10109.7,2343.8,1434.7,446973
448205,455230,1008.21,1.0777e+06,1.12445e+06,3036.5,3631.2,8263.7,8103.9,4080.1,2728.8,821.4,582.5,447217
519620,543740,978.583,1.20257e+06,1.25789e+06,23306,22363.1,1.6989e+06,1.54529e+06,5411.1,3462.4,571.6,589.7,447671
465785,482370,988.796,909333,965113,17566.3,16938.6,1.46675e+06,1.34915e+06,6171.4,3939.8,896.9,822.1,448380
537327,569472,966.212,1.41718e+06,1.46994e+06,24090.5,22516.6,2.68225e+06,2.4067e+06,4990.9,3346.9,1048.2,886.6,448494
996547,960558,1062.37,2.055e+06,1.93987e+06,5132.6,4994.3,24069.5,20500.4,6944.5,4342.5,734.3,650.4,448545
477964,499155,980.532,987808,1.02676e+06,31864.9,30077.8,1.97272e+06,1.76213e+06,6529.9,4100.2,833.8,743,448755
524537,546214,983.372,1.31647e+06,1.3612e+06,26500.2,24889.6,2.1659e+06,1.93879e+06,4578.9,3229.5,596.5,660.8,448869
504951,526915,981.321,1.02471e+06,1.06408e+06,24227.2,23495.5,2.21362e+06,2.02712e+06,4935.4,3437.9,466.9,571.5,448997
466281,486897,980.644,1.08942e+06,1.13017e+06,17405.8,16775.6,1.61276e+06,1.48869e+06,6202,3939.2,649.4,547.1,449622
528773,552500,980.031,1.16706e+06,1.20388e+06,40645,37958.3,2.68666e+06,2.34525e+06,6889.3,4535.9,708.9,854.3,449624
506536,537803,964.471,1.3007e+06,1.35691e+06,32036.4,31355,2.59499e+06,2.35161e+06,5502.6,3602.9,444.9,548.4,450201
491596,509573,987.883,949069,1.00233e+06,26582.8,25570.1,2.48792e+06,2.2673e+06,5909.6,3679.1,1133.1,811.3,450241
512006,537711,975.061,1.28545e+06,1.34120e+06,32116.4,30813.9,2.32595e+06,2.10849e+06,5357.2,3427.4,389.3,696.5,450260
505979,529487,978.548,589423,569163,12964,12387.9,987337,863041,2258.3,1978.1,361.4,415.5,450640
482214,508245,971.561,1.02256e+06,1.0691e+06,26074.4,25682,2.26511e+06,2.11464e+06,7468.3,4693.6,676.8,719.5,450767
444268,449055,1013.1,880786,957596,22405.7,21377.5,1.83865e+06,1.68633e+06,4586.5,3034,621.9,663.3,450780
500967,540779,948.617,1.07509e+06,1.07317e+06,39475.6,37552,2.51312e+06,2.25771e+06,6016.6,4344.8,458.3,600.6,450783
411741,426126,989.445,587631,534112,13036.3,11229.4,1.4241e+06,1.19898e+06,2738,2231.2,333.1,624.7,450838
505336,540668,957.088,1.26011e+06,1.31208e+06,27154,26466.5,1.90042e+06,1.76847e+06,5981.2,3919.8,616,590.3,450904
452886,494461,937.909,909792,914570,13749.4,13144.2,1.63094e+06,1.46235e+06,4731.1,3278.2,382.4,676.4,450912
817474,630394,1327.89,170172,135293,10490.9,7875.2,645983,467132,1775.2,1124.8,490.2,546.1,450959
3.189e+06,1.81194e+06,1802.23,334631,158661,671.4,663.4,2491.5,1487,757.4,655.9,292.9,378.9,450981
560102,560372,1023.51,39994.9,36855.8,1025.4,1062.8,83597.3,70678.7,133.1,425.3,81.2,517.5,451008
420585,432965,994.731,683472,651988,6877,6786.3,752842,645908,2087.2,1784.8,502.2,690.2,451026
472694,478528,1011.51,235812,231038,5265.6,4500.8,327692,281282,827.1,715.6,-92.2,446.8,451076
506520,558102,929.366,724302,713329,21633.2,20147.6,1.54585e+06,1.35759e+06,7202.3,5036.6,946.2,903.5,451104
498940,533154,958.292,902661,933683,30090.7,28931.7,1.89427e+06,1.72183e+06,5447.7,3642.4,944.7,651.6,451192
425929,438784,994,733802,786465,17594.2,16915.3,1.6648e+06,1.52079e+06,4132.2,2852.6,681.4,592.5,451207
356497,362855,1006.08,551818,558760,1194.1,1127.1,5797.7,6117.3,2240,1733.3,171.5,422,451211
641530,627001,1047.73,1.47931e+06,1.50676e+06,55246.9,49667.9,4.25609e+06,3.7117e+06,14279.3,7906.8,1882.7,1308.3,451215
483570,509605,971.695,759422,748474,15639.4,14493.6,1.11543e+06,984498,2640.9,2095.7,71.5,432.6,451216
478425,528102,927.685,764848,774452,13743.2,12792.9,1.2563e+06,1.15108e+06,4327.1,3587.2,697.7,702.8,451217
400508,395756,1036.31,100838,99756,5671,5409.6,424011,370297,1113.7,835.3,185.6,461.9,451270
166431,151756,1123.05,580025,533588,69.7,702.3,-32.3,1228.7,1770.1,1400.9,-141.4,263.4,451279
512603,560935,935.78,1.37139e+06,1.42474e+06,16320.9,15577.5,1.71437e+06,1.55029e+06,5205.4,3691.4,576.7,534.5,451279
505916,538156,962.662,1.15432e+06,1.17468e+06,19631.9,19470.5,1.561e+06,1.4297e+06,5794.4,3808.8,589.3,633.6,451302
416773,425774,1002.37,296212,314138,9462.6,9696.1,635394,578601,3209.3,2196.3,589.3,506.2,451319
859024,639986,1374.47,2.4197e+06,1.77028e+06,51282.2,36487.1,5.27907e+06,3.72563e+06,10070.2,4907.9,1245.7,938,451335
737525,689343,1095.58,1.10701e+06,1.11207e+06,42447.4,38640.7,4.29478e+06,3.73977e+06,7524.5,4369.1,1104.7,906.6,451341
248584,272026,935.761,295195,298560,6827.4,6519,597118,536774,2476.4,2134,385.2,581.6,451359
485025,517672,959.42,1.39305e+06,1.46046e+06,47090.7,46286.1,3.03005e+06,2.78863e+06,5870.4,4177.2,941.3,774.8,451360
425729,423290,1029.9,612998,572586,8686.8,7690.6,758562,635230,1209.6,1301.6,289.7,437.3,451386
694436,665150,1069.1,17213.5,15524.6,427.6,644.4,25133.8,19696.1,111.1,431.9,-41.6,380.6,451410
449483,475887,967.199,870918,942305,19762.8,19350,1.67637e+06,1.60156e+06,7032.1,4666.4,892.9,660.8,451433
149120,163826,932.088,265614,285594,4433,4570.1,13432.4,14288.6,983.8,779.9,646.9,516.3,451487
499236,532649,959.766,985203,990344,19026.9,18659.7,1.84525e+06,1.68259e+06,4874.3,3614.9,509.6,669.9,451491
454661,477689,974.638,935733,995003,31599.3,30279.8,2.07494e+06,1.88568e+06,6899.1,4790,774.9,662.5,451497
471922,526227,918.33,651471,651421,19507.1,19028.5,1.53071e+06,1.38646e+06,5623.7,4173,612.4,769.8,451504
529592,582151,931.56,1.30965e+06,1.3599e+06,28986,28266.5,2.43166e+06,2.20072e+06,5365.1,3858.8,598.9,562,451531
289510,305818,969.401,311178,297188,8835.3,8103.5,668906,589341,1737.9,1315.7,211.3,352.7,451534
621039,585595,1085.98,273354,274840,19556.7,17175,1.26472e+06,1.03593e+06,2943.8,1976.7,274.3,551.7,451540
439792,436741,1031.17,77571.7,75174.8,2486.9,2292.9,196725,165873,697.1,650.7,-4.2,393.4,451551
457223,462149,1013.1,169531,171836,5741.2,5400.8,579189,513848,1321.4,1104.4,77.4,551.6,451591
520341,567376,939.109,1.28967e+06,1.33915e+06,46679.8,45724.6,3.13059e+06,2.86817e+06,4875.6,3209.8,604.3,767.9,451595
493600,532588,949.043,942292,968411,23266.7,22434.9,1.56103e+06,1.41708e+06,5236.1,3821.7,667,704.5,451627
433824,444678,999.019,234158,247042,9578.5,9375,717698,647582,2748.4,1905.1,321.8,485.5,451629
449568,476223,966.7,880354,933574,31358.3,30622.7,1.91318e+06,1.77627e+06,6921.6,4270.8,789.1,653.9,451654
338309,387703,893.556,295416,294208,7155.7,6615.3,746340,696493,2752.9,2029.8,506.3,635,451665
844302,649413,1331.31,2.43413e+06,2.00637e+06,45689.8,35510.7,3.79821e+06,2.86217e+06,11514.5,6441.9,1022.3,844.6,451669
498866,537120,951.069,1.02449e+06,1.09484e+06,14636.5,14316.2,1.35588e+06,1.26924e+06,6278.6,4436,664.9,512.1,451670
497482,536924,948.784,888583,896682,7984.3,7478.1,865806,784784,5569.3,3956.9,606.8,527.2,451728
419797,430355,998.884,829829,879090,16711.1,15975.9,1.18577e+06,1.07146e+06,5634.1,3455.1,519.8,769.5,451775
519521,533339,997.474,501428,521271,8823.8,8262.5,724854,649174,2187.5,1599.6,266.3,521.3,451780
393400,400837,1005.01,1.07811e+06,1.12653e+06,27464.1,26524.1,2.50736e+06,2.27637e+06,5380.9,3121,695,747.8,451795
527978,550534,982.056,1.01229e+06,1.03042e+06,15716.1,15261.8,1.37562e+06,1.25216e+06,3820.8,2741.9,327.1,468.2,451803
913814,740861,1263.06,2.61646e+06,2.23145e+06,79254.8,66392.9,6.71768e+06,5.31369e+06,19527.7,10983.6,2139.1,1445.8,451853
522525,563088,950.248,1.05741e+06,1.07104e+06,25631.4,24731.3,2.09277e+06,1.87644e+06,3829.1,2867,426.8,510.1,451858
490173,526953,952.528,947146,990900,20468.9,20093,1.94168e+06,1.79796e+06,6797.5,4582.9,716.2,787.5,451860
1.01324e+06,912410,1137.16,1.75569e+06,1.51702e+06,29464.3,24189.8,2.96754e+06,2.37135e+06,6722,4506.2,453.9,759.3,451861
454440,458594,1014.73,575034,607914,14249.1,13726.8,1.173e+06,1.07895e+06,3774.2,2629.9,579,524.8,451866
426425,328891,1327.68,2.57166e+06,2.86634e+06,1757.6,1454.1,5266.9,5226.2,9343.6,5814.6,271.8,404.8,451882
535099,554051,988.977,1.26228e+06,1.29193e+06,30588.7,29465.9,2.10212e+06,1.87442e+06,4027,2857.4,419.2,456.9,451895
605381,636429,974.051,1.29126e+06,1.26564e+06,27765.9,25322.4,2.68358e+06,2.30752e+06,7875,4847.9,795.8,832.3,451903
401688,377468,1089.71,37274.6,34754.1,1903.4,1998.3,134764,111173,-16.1,433.8,15.7,415,451923
760424,751516,1036.14,1.56006e+06,1.53279e+06,57204,52745.1,3.72825e+06,3.27181e+06,12375.1,7681.9,1627,1003,451934
469961,500884,960.788,166268,179657,3813,4041.2,286507,268038,1861.2,1316.7,74.3,412.4,452037
432128,452772,977.319,360391,399066,8322.5,8195.4,510656,471356,3587.4,2350.5,538.5,593.8,452091
486078,513646,969.052,209738,222563,3009.2,3441.9,252269,237089,1513.7,1188.2,258.2,361.2,452194
448465,475643,965.494,259473,284243,3911.5,4348.7,389169,365621,2072.4,1501.5,159.1,724.3,452220
450731,464330,994.014,786014,839415,15049.6,14284.5,1.48332e+06,1.37016e+06,6131.5,3986.6,863.1,688.8,452322
457112,469934,996.072,901502,951784,20981.7,20009.2,1.82643e+06,1.64965e+06,5405,3174.4,667.6,522.5,452420
521775,550049,971.365,1.23521e+06,1.28825e+06,37560,36354.8,2.70771e+06,2.46924e+06,4720.1,3327.5,429.5,505.3,452434
499028,525215,972.957,758370,772310,14500.6,14119.7,1.29342e+06,1.17422e+06,4475.7,2981.3,725.2,891.1,452483
527254,554108,974.379,1.24608e+06,1.30352e+06,19716.2,19000.8,1.72768e+06,1.57388e+06,5610.2,3702.7,726.6,620.9,452727
462753,497292,952.887,1.00175e+06,1.02786e+06,22518.2,21701.5,1.7431e+06,1.58749e+06,6001.4,3833.7,512.7,671.7,452739
496376,526300,965.784,1.05864e+06,1.07735e+06,19502,18992.8,1.85719e+06,1.70751e+06,6071.4,4192.1,958.5,797.5,452793
1.00621e+06,954640,1079.32,2.15635e+06,1.96505e+06,79755.8,68814.5,4.84481e+06,3.9806e+06,11358.1,7006.3,1262.9,1015.4,452933
446714,461437,991.336,1.0069e+06,1.06929e+06,31189.8,30448.5,2.38441e+06,2.18017e+06,5649.2,3646.5,838.7,696,453017
460935,485232,972.74,1.0576e+06,1.11583e+06,12942.7,11745.8,1.25923e+06,1.10582e+06,7778,4930.4,1024.3,970.7,453108
480298,492316,999.01,1.16251e+06,1.21888e+06,25518.8,24037.5,1.9165e+06,1.69016e+06,8054.8,4875.6,1059.5,764.2,453270
456736,477627,979.217,913479,967666,18622.5,17867.5,1.50307e+06,1.36421e+06,6207,3935,814.5,645.2,453425
472122,494318,978.032,1.15894e+06,1.19232e+06,43627.9,41211.9,2.78164e+06,2.45496e+06,9013.8,5530.1,1223.5,1039.1,453481
513932,533017,987.336,754538,764551,14508.1,14242.7,1.27871e+06,1.16313e+06,4691.1,3037.7,469.6,691.5,453653
509816,536752,972.611,1.02871e+06,1.07292e+06,27022.1,25934.4,1.71585e+06,1.56794e+06,4981.1,3547.1,742.7,740.6,453762
493611,524367,963.952,1.01825e+06,1.03083e+06,21552.9,20869.3,1.72592e+06,1.57723e+06,6405.2,4077.4,846.2,848.5,453788
526181,541762,994.554,415593,436187,5110.4,4701.9,480428,426135,1606.7,1311.7,134.5,403.6,453919
459820,475555,990.123,1.55706e+06,1.64326e+06,30590.3,29671.1,2.53899e+06,2.28811e+06,6697.6,4024.7,605.8,861.1,453941
539350,554590,995.87,723172,731376,11370.8,10547.2,1.004e+06,877496,1414.3,1167,290.5,360,453947
447096,467755,978.779,1.12587e+06,1.18394e+06,39382,38386.6,2.77901e+06,2.58988e+06,6068.8,3855.9,1014.2,729.5,453971
436805,440378,1015.69,935225,1.00109e+06,12644.1,12244.8,1.34007e+06,1.23032e+06,4981.9,3100.6,790.5,703.2,453977
1.16109e+06,950184,1251.3,2.6204e+06,2.08672e+06,58280.6,45606.3,5.6236e+06,4.19604e+06,13844.6,8083.5,1513.7,1362.2,453991
509292,537269,970.687,1.01476e+06,1.05465e+06,21566.5,21050.4,1.55319e+06,1.41909e+06,5619.7,3788.3,678.7,735.6,454016
1.16073e+06,537794,2210.12,3.75808e+06,1.82371e+06,7712.4,3641.2,29193.3,14168,13997.7,6306.2,839.2,787.2,454040
496741,529990,959.77,850181,869346,30942.6,29313,1.9291e+06,1.73523e+06,4665.9,3290.9,462.3,789.3,454055
432903,445108,995.931,995887,1.04354e+06,18367.9,17372.5,1.86833e+06,1.71701e+06,5871.4,3733.2,717.6,855.2,454140
933659,489340,1953.8,4.78358e+06,3.69162e+06,6379.9,3789,21244.8,13379.3,8368.8,4742.5,917.1,590.2,454156
524326,534026,1005.4,475652,490263,6435.8,5679.7,575389,511171,1653.3,1216.1,201,561.8,454180
521294,541313,986.13,462319,473618,3514.6,3250.1,214187,186256,1952.6,1674.3,240.2,471.3,454318
497162,537898,946.453,918193,951056,16890.2,16292.4,1.25388e+06,1.15268e+06,5853.6,3954.2,576.5,662.4,454382
523160,530984,1008.91,323560,336810,5881.1,5900.1,558613,501649,1653.7,1093.5,204.1,367.2,454454
745797,767225,995.402,1.53903e+06,1.4915e+06,49424.3,44726.7,3.54402e+06,3.06911e+06,9214.1,6108.9,823.1,980.8,454512
503672,549170,939.165,1.1535e+06,1.16016e+06,18028.6,17385.9,1.47513e+06,1.34549e+06,5186.7,3681.3,545.1,714.7,454521
482231,535815,921.606,830429,862123,23096.2,22560.5,1.64198e+06,1.53145e+06,7154.8,4606.9,820.5,806.9,454521
490859,532481,943.959,1.00264e+06,1.03298e+06,16179.7,16050.8,1.77062e+06,1.64054e+06,6266,4375.7,644.5,608.2,454530
445295,448544,1016.58,505990,517579,21137.9,20387.9,1.64416e+06,1.47908e+06,2835.4,1973.6,331.6,414.1,454534
1.31103e+06,1.07016e+06,1254.48,2.14609e+06,1.7257e+06,47899.6,36017,4.93452e+06,3.66275e+06,10969.6,7060.4,1379.3,928.8,454544
452273,461559,1003.41,395638,430173,8427.4,8102.7,703341,650302,3853.7,2381.3,561.7,532.8,454658
1.03894e+06,561551,1894.56,1.3227e+06,732548,20533,9918.8,1.6611e+06,751214,6848.1,3057.1,798.6,671.5,454832
524912,545190,985.923,548279,574290,12772,12293.8,1.02109e+06,898404,1850,1502,87.1,394,454860
513028,539571,973.632,874525,881000,10351.9,9649.8,1.10679e+06,997284,3413.2,2500.8,650.1,659.4,454925
464912,478417,995.096,563476,604673,13788.4,13290.8,1.33544e+06,1.20575e+06,4254.4,2859.5,447.2,461.2,455104
502477,530190,970.486,949378,968169,18147.2,16990,1.44084e+06,1.28981e+06,4563.3,2969.5,819.2,716.3,455174
498238,507912,1004.5,576272,584792,10750.7,10153.3,914576,826204,3272,2757.3,527.8,577.7,455210
436652,444888,1005.06,889239,953892,15170,14862.6,1.75195e+06,1.59808e+06,4956.2,3275.3,285.3,728.1,455300
454796,469999,990.89,807425,862643,17180,16354.5,1.3137e+06,1.20922e+06,5187.3,3302.9,681.7,523.8,455305
472825,483408,1001.6,925859,980088,17611.6,17182.9,1.9245e+06,1.76614e+06,4936.2,3233.1,599.7,701,455331
1.39172e+06,1.19931e+06,1188.28,2.49822e+06,2.16103e+06,67104.6,56181.6,4.77018e+06,3.84047e+06,16435,10184.3,2342.8,1546.6,455359
920802,647330,1456.6,69006.1,59269.3,19291.4,15056.6,124139,92683.5,5274.2,3188.2,1238.8,767,455528
514914,530160,994.551,727153,745296,18395.3,17617.2,1.10213e+06,1.00349e+06,3318.6,2377.9,423.7,404.6,455586
606333,620268,1001,640217,682736,19679.6,18351.8,1.43018e+06,1.28907e+06,6717.7,4293.4,595.6,843,455613
449960,461936,997.451,515576,547208,20604.4,19754.6,1.63543e+06,1.46597e+06,5201.1,3469.8,816.2,760.6,455615
945580,750652,1289.92,2.32681e+06,1.95508e+06,59142.2,46882.8,5.33012e+06,4.13297e+06,16188.4,8761,1883.7,1420.5,455697
547852,571859,981.016,1.16796e+06,1.18117e+06,25940.5,24383.6,2.06663e+06,1.81649e+06,3890.8,2660.7,387.1,509.9,455753
490741,537206,935.441,1.04588e+06,1.07539e+06,25144,23971.7,1.87482e+06,1.73841e+06,6053.3,4138.2,880.8,661.5,455771
430316,439944,1001.59,931584,970780,28759.2,28253.1,2.21256e+06,2.04628e+06,6672.3,3827.3,674.1,682,455872
511924,542139,966.934,866409,857985,16312.7,15128.4,1.66588e+06,1.48469e+06,2302.9,2062.8,210.7,410.9,455877
458781,485908,966.839,1.00731e+06,1.05415e+06,23608.7,22831.8,2.72013e+06,2.53408e+06,6591.7,4355.8,830.3,718.5,455891
535145,569932,961.503,1.18752e+06,1.18077e+06,37252.6,34918.8,2.6478e+06,2.3258e+06,6374.1,4502.3,789.5,631.1,455921
510238,543347,961.607,996605,985250,21724.5,20105.3,1.77447e+06,1.54636e+06,5863.2,4253.5,752.3,831.7,455953
432465,440373,1005.62,732575,779448,15852.1,14119.4,1.67882e+06,1.47057e+06,5908.7,3500.3,1295.8,825.8,456053
469316,493672,973.479,1.4169e+06,1.47729e+06,26032.9,24573.8,2.17064e+06,1.9421e+06,5965.5,3735.4,756.7,761.5,456126
491768,514680,978.428,1.29059e+06,1.33349e+06,37284.7,35173.9,2.9741e+06,2.64474e+06,7247.3,4701.9,898.4,697.6,456128
1.07845e+06,833653,1324.7,1.78538e+06,1.34584e+06,77443.8,58111.5,5.29246e+06,3.83321e+06,15706.9,8696,1997.3,1420.2,456136
1.12764e+06,971290,1188.84,2.57907e+06,2.1592e+06,89003,72829.7,6.63889e+06,5.10376e+06,17180.3,10449.8,2218,1521.8,456143
508432,534642,973.804,737266,724570,13128.9,12048.2,1.06063e+06,943781,2430.3,1816.8,326.6,348.1,456275
459181,473011,994.065,1.09212e+06,1.16886e+06,40104.9,38892,2.40248e+06,2.17745e+06,4113,2930.7,660.8,769.7,456367
503921,534084,966.176,903395,934060,24294.6,23576,2.22691e+06,2.03944e+06,4993.4,3202.6,663.2,691.4,456370
474974,495348,981.89,746804,803937,23126.3,22546.6,1.47884e+06,1.36093e+06,4717.6,3270.8,381.8,642.8,456378
505638,523705,988.674,626432,618328,11881.2,11044.8,791180,701838,2885.9,2135.9,63.6,678.2,456396
512001,533195,983.301,463405,476649,13711.7,12497.2,1.00649e+06,879119,2342.1,1539.3,314.7,508.7,456421
459417,473537,993.466,978269,1.04298e+06,22349.1,21719.6,2.14076e+06,1.97762e+06,4641.7,2981.7,356.6,682.5,456506
528034,553053,977.683,962948,995774,24287.3,23038.7,1.80863e+06,1.64587e+06,5496.1,3480.6,715.2,539.5,456556
449485,473004,973.091,1.01491e+06,1.07228e+06,28269.3,27798.6,1.86479e+06,1.74014e+06,7754.6,4662.5,1054.5,866.8,456573
498142,536459,950.865,1.02036e+06,1.02723e+06,33711.3,32799.2,2.40974e+06,2.21625e+06,6262.1,4226.3,899,855,456618
535434,576630,950.852,1.29813e+06,1.29341e+06,24791.6,23250.9,2.50718e+06,2.22065e+06,7256.6,4906.1,861.3,758.1,456653
506155,539180,961.287,1.12533e+06,1.17178e+06,19923.7,19142.8,1.9836e+06,1.81164e+06,4529.7,2915.8,961.3,682.7,456655
514986,552756,954.036,1.23425e+06,1.27385e+06,23263,22124.3,1.55955e+06,1.40151e+06,5142.1,3821.4,683.6,679.6,456774
493467,542323,931.757,1.05525e+06,1.06843e+06,31592.8,30339.4,2.318e+06,2.14354e+06,4973.3,3849.8,328.8,855.8,456782
521309,559060,954.859,1.18182e+06,1.19319e+06,25873.8,24346.7,2.22083e+06,1.97822e+06,3957.1,2914.9,692.6,640.5,456786
288823,312742,945.699,192899,198623,322.8,633.8,2391.3,2301.7,392.2,633.1,221.5,575.5,456825
1.00224e+06,777396,1320.18,2.0487e+06,1.55618e+06,45072.6,33943.5,3.10072e+06,2.27454e+06,13034,7917.8,1468.2,1049.7,456826
488909,535724,934.522,941917,959988,25602.8,25425.1,1.79005e+06,1.64818e+06,6080,4346,832.4,819,456904
173583,190848,931.401,149455,146860,430.1,601.2,1232.7,1597.4,200,478.5,180.2,336.8,456906
432869,432634,1024.56,641058,683589,23460.9,22996.1,1.75212e+06,1.61717e+06,4042.1,2553.6,496.3,489.4,456909
402222,406882,1012.28,864861,898337,20485.6,19159.7,1.9367e+06,1.75374e+06,5036.1,3110,668.8,709.1,456910
504509,531489,972.02,719628,707972,8114.4,8018.6,847974,762000,3570.8,2621.9,345.2,557.3,456954
539009,545318,1012.16,326156,341694,12296,11509.4,751432,652502,2103.5,1683.1,355.7,504.6,456954
491458,521732,964.588,999997,1.01816e+06,32457.7,31505.9,2.41947e+06,2.2298e+06,7118.2,4462.2,952.7,876.7,457070
522341,567175,943.066,1.48048e+06,1.51551e+06,32612.1,31089.6,3.12135e+06,2.77468e+06,5725.4,3849.5,589.9,903.7,457102
510573,538455,970.988,882730,903170,18654.3,17950.7,1.4399e+06,1.31526e+06,4830.7,3329.2,488.8,548.4,457112
450679,473413,974.834,1.11675e+06,1.16831e+06,25465,24663.1,2.53263e+06,2.3587e+06,6104.9,3547.2,627.3,671.7,457114
530537,553113,982.206,1.38209e+06,1.43482e+06,36198.1,34339.5,2.50411e+06,2.20949e+06,5764.3,3767.7,678.8,745.9,457148
1.87971e+06,1.05933e+06,1817.02,6.73811e+06,4.09907e+06,14416,7554,60383.6,31161,19428.5,9458.3,2102.9,1481.2,457195
449482,446531,1030.77,125086,126752,4204.4,4380,388971,345100,1370.3,1115.6,54.8,440.3,457231
905558,655866,1413.85,2.37771e+06,1.79306e+06,53718.9,41145,4.18253e+06,2.9757e+06,14176.9,7588.4,1388.6,1116.2,457247
499285,546966,934.744,905566,933011,25530.9,25039.5,1.63056e+06,1.50455e+06,6446,4233.7,578.2,942.6,457281
434174,447861,992.716,1.08572e+06,1.13223e+06,35121.4,33943.5,2.30978e+06,2.12885e+06,5097.4,3243.4,533.2,529.2,457289
484033,523813,946.242,930136,923781,19129.7,17348.1,2.04868e+06,1.85491e+06,5212.4,3977.7,482,830.6,457363
2.04116e+06,1.39196e+06,1501.6,1.24231e+07,5.66413e+06,15070.1,10378.4,64149.4,43354.6,31712.5,16434.6,2154.4,1324.1,457375
499466,527127,970.277,817915,824430,15086.5,14279.6,1.14788e+06,1.03131e+06,4108.6,2734.7,500.5,452,457415
1.34731e+06,948126,1455.14,3.03725e+06,2.36867e+06,72179.2,48278.4,6.0053e+06,3.89373e+06,24127.2,12699.1,2704.5,1779,457420
604155,598690,1033.35,1.24677e+06,1.27436e+06,37150.7,33713.1,2.54736e+06,2.21574e+06,9819.6,5550.8,917.5,747.9,457428
458698,482364,973.766,1.22883e+06,1.27197e+06,28618.5,28417.1,2.34219e+06,2.16898e+06,5927.6,3711,933.1,675.7,457500
497966,524019,973.094,851546,873949,16898.8,15824.2,1.60953e+06,1.46669e+06,5224.2,3716.9,574.5,866,457575
435453,454385,981.336,997712,1.04879e+06,23722.3,22946.3,2.28804e+06,2.10717e+06,5779.2,3429.1,588.5,755.6,457641
337094,251661,1371.65,309817,263532,168.1,604.4,42.1,501.4,462.2,551.6,-98.8,326.9,457670
534480,568953,961.957,1.49422e+06,1.50722e+06,40352.9,38384.7,2.90186e+06,2.56411e+06,6245.1,4203.9,895.6,619.9,457795
448790,467548,982.924,944275,978751,31069.8,29847.2,2.65112e+06,2.37499e+06,8874,5087.2,1365.1,880,457923
560183,588291,975.078,2.4622e+06,2.44829e+06,13933.6,13292.3,1.00258e+06,930844,10092.8,6333.3,822,655.4,457984
544807,571634,975.945,501197,507680,9207.1,8467.1,781761,671340,2329.4,2027.1,698.3,618.4,458028
515550,542370,973.367,864689,865894,11589.7,10942,1.02614e+06,922103,2926.9,2106.2,228.8,413.2,458042
491034,515159,976.059,1.13761e+06,1.17135e+06,21499.1,19928.4,1.85641e+06,1.62775e+06,7531.4,4429.8,918.1,665.6,458081
503082,530595,970.907,737633,723662,8185,7415.6,890934,791494,2773.1,1899.6,272.3,370,458113
439368,446511,1007.63,758589,810849,20687.3,18979.5,1.69491e+06,1.53382e+06,4749.1,2816.5,401.9,558.8,458173
1.9367e+06,1.74896e+06,1133.92,3.12483e+06,2.97449e+06,50894.6,44751.7,3.48287e+06,2.85531e+06,16810,10343.7,1767.9,1226.2,458184
468845,496137,967.672,1.29863e+06,1.36144e+06,16657.2,15337.5,1.64023e+06,1.44484e+06,6374.8,3977.3,873,688.1,458185
437934,456892,981.519,1.03128e+06,1.08997e+06,25480.3,24969.6,1.55271e+06,1.41958e+06,6906.2,4279.5,582.2,546.3,458188
434472,458017,971.361,1.01078e+06,1.07256e+06,21626.4,21015.6,2.02366e+06,1.89787e+06,7473.6,4493.4,778.3,718.1,458220
525043,551517,974.854,1.02025e+06,1.00027e+06,19315,18014.5,1.55901e+06,1.35046e+06,2689.3,2245.3,408.3,473.7,458271
496779,542475,937.746,966687,995505,15856.1,14755.4,1.31918e+06,1.19976e+06,6216.9,4054.7,716.6,704.9,458283
452826,472694,980.97,993916,1.0362e+06,17254.7,16527.9,1.42414e+06,1.31037e+06,6473.9,4018.3,814.7,550.3,458358
526909,557934,967.069,977764,965022,19652.2,18647.6,1.59681e+06,1.40935e+06,3108.5,2054.2,546.2,583.6,458371
465998,492671,968.574,1.31505e+06,1.3605e+06,26736.4,25600.9,2.91524e+06,2.58944e+06,6342.9,3882.8,853.7,776.7,458489
547258,579642,966.792,1.24585e+06,1.27842e+06,10959.3,10187.3,1.19825e+06,1.05633e+06,5699.8,3847.5,370.6,603.1,458560
176983,176694,1025.71,399142,422571,1261.8,1326.4,4051.1,3515.3,1146.5,1140.6,204.7,338.4,458662
843702,717639,1203.89,2.0419e+06,1.78986e+06,33836,28527.7,3.36398e+06,2.66159e+06,11552,6617.4,1286.8,988.4,458673
500864,549938,932.625,1.22024e+06,1.26634e+06,34782.4,34175.7,2.65439e+06,2.46543e+06,5371.2,3991,591.9,793.7,458688
483801,510616,970.223,1.01774e+06,1.06129e+06,21160.9,20900.2,1.91881e+06,1.77719e+06,7053.8,4426.2,791,689,458775
1.66643e+06,1.1814e+06,1444.42,4.80673e+06,3.54049e+06,89473.1,63111.8,9.34679e+06,5.59082e+06,28457,15644.9,3311.6,2059,458800
616562,510063,1237.82,303296,289674,2472.2,2002.5,7647.6,6214.6,1837.3,1297.1,469.5,686.9,458830
456767,468825,997.663,1.34037e+06,1.40348e+06,38860.3,37862.6,2.9088e+06,2.65029e+06,5978.8,3508,670.2,506.7,458854
481833,524696,940.346,1.01386e+06,1.04737e+06,26796.4,25813.9,2.29953e+06,2.13045e+06,7348.7,4643.9,808.5,900.8,458873
501376,538158,954.021,1.05774e+06,1.10088e+06,28062,27156,2.12438e+06,1.94626e+06,5216.4,3590.7,729.1,697.7,459036
130959,146859,913.146,115444,128988,1605,1855.4,2276.1,2661.3,608.9,921.1,71.4,612.7,459047
742158,741449,1024.98,1.68968e+06,1.67347e+06,62707.8,52823.8,4.90726e+06,3.93729e+06,10948.6,6865.8,1165.2,948.6,459075
476002,506884,961.62,1.23659e+06,1.29366e+06,25811,25295.4,2.3787e+06,2.17632e+06,5536.4,3821.4,545,862.7,459106
457414,472708,990.876,1.36211e+06,1.43938e+06,27741.5,26972.7,2.48793e+06,2.25105e+06,5190.4,3252.1,820.4,730.6,459160
497936,534453,954.041,1.04451e+06,1.061e+06,32578.3,31370.5,2.15983e+06,1.98297e+06,5698.2,3624.9,621.3,530.6,459279
515524,538313,980.651,950472,988977,21602.4,20772.3,1.59502e+06,1.45937e+06,6102.8,3917.9,898.9,653.8,459349
514402,531143,991.736,537161,561146,7774.8,7754.3,637940,576362,3130.4,2057.9,408.7,590.4,459418
455247,468718,994.582,1.07606e+06,1.13381e+06,16442.1,15363.9,1.28021e+06,1.12228e+06,5393.7,3305.7,925.3,806.4,459497
1.02154e+06,949379,1101.83,2.57978e+06,2.29867e+06,60405.5,51921.9,5.03191e+06,4.12123e+06,12381.8,7527.6,1262.1,1001,459537
426944,438552,996.896,988755,1.03679e+06,24134.3,23276.1,1.91971e+06,1.77209e+06,5602.9,3115.1,567.5,578.6,459540
457285,464214,1008.73,773170,831554,7485.9,7443.1,851758,781290,4972.4,3366.4,455.9,579.1,459578
501856,542245,947.736,1.24855e+06,1.27937e+06,22740.9,21882.2,2.63925e+06,2.41759e+06,5899,3818.5,817.7,594.7,459604
500302,523342,978.929,1.28967e+06,1.35931e+06,29338,27692.7,2.24498e+06,1.99087e+06,6063,3835.7,696.8,722.4,459619
494340,508906,994.696,1.0249e+06,1.05102e+06,15238.5,15037,1.57426e+06,1.45669e+06,6534.4,3790.4,509.3,588.7,459756
515938,531837,993.397,998999,1.03787e+06,10638.4,10325.3,1.08498e+06,993278,6153.9,4040.2,627.2,891.3,459831
705783,725670,995.945,1.53326e+06,1.51452e+06,15049,13695.2,1.15326e+06,995640,11145.3,6703,1148.7,987,459973
512899,544652,964.307,1.27123e+06,1.3328e+06,36912.2,35521.5,2.55655e+06,2.3135e+06,5879.9,3800.5,546.1,613.8,460227
473682,498405,973.215,981487,1.02815e+06,17538.1,16658.5,1.65366e+06,1.51724e+06,5990.2,3733,527.2,818,460358
442789,455172,996.15,983893,1.03017e+06,24579.5,24499.1,1.75225e+06,1.63226e+06,5446.6,3448.3,640.3,659.4,460416
468795,490129,979.429,1.04744e+06,1.10852e+06,20099.1,19867.8,1.92852e+06,1.76483e+06,4497.8,3289,639.8,624.3,460587
502660,533890,964.103,1.00026e+06,1.0416e+06,18532.5,17980.1,1.53333e+06,1.39724e+06,6434.4,4440.2,759.5,734.8,460589
493784,527456,958.628,1.02908e+06,1.06593e+06,17806.4,17243.7,1.27291e+06,1.17807e+06,7391.8,4725.1,837.8,815.1,460619
491005,536482,937.2,1.00317e+06,1.01578e+06,22326.9,21396.6,2.19153e+06,2.01081e+06,6396.8,4201,689.9,708,460643
508808,533982,975.736,984577,1.03002e+06,18444.6,17796.7,1.52741e+06,1.40595e+06,4362.4,3020.7,700.2,693.8,460659
186590,216570,882.25,340907,365275,5708,6193.8,13722.4,14865.5,336.3,712.5,574.9,608,460702
553188,571738,990.78,979750,1.00409e+06,20506.2,19558.7,1.67814e+06,1.48995e+06,3735.4,2625.5,579.2,538.2,460726
436251,460726,969.615,955916,1.02058e+06,20767.2,20479.8,1.89488e+06,1.75112e+06,5141.5,3378.4,584.4,874.1,460818
535886,577585,950.072,1.47639e+06,1.49969e+06,40664.5,39377.2,3.72403e+06,3.33639e+06,5784.7,3497.7,592.9,694,460863
444780,467476,974.292,1.03409e+06,1.08753e+06,13399.5,13124.3,1.04268e+06,972789,8113.1,4810.5,872.5,743.8,460935
1.40998e+06,1.26231e+06,1143.79,3.31055e+06,2.86663e+06,84671.2,68552.8,7.25002e+06,5.44775e+06,23765.6,14182.6,2971.8,2132.1,461002
510492,522031,1001.38,558715,574948,8292.8,7713,845614,763216,3751.3,2467,98.2,655.7,461088
506667,382187,1357.53,757375,569970,3984.5,2971.7,9998.9,7437.3,3701.3,2327.8,492.9,662.7,461342
503443,535580,962.562,1.03556e+06,1.04799e+06,20663.6,19120.7,1.46376e+06,1.32495e+06,5903.9,4009.7,780.6,744.1,461591
504712,539844,957.365,1.18299e+06,1.21319e+06,25045,24792.7,1.80094e+06,1.66049e+06,6063.2,4054,540.1,523.3,461649
517385,535256,989.824,764982,777877,15910.5,15104.2,1.59241e+06,1.45424e+06,3550.1,2411.9,350.1,616.7,461838
542983,559837,993.181,1.22244e+06,1.25997e+06,14575.6,13197.8,1.54906e+06,1.39665e+06,4604,3443.1,628.5,774.3,461857
954679,702384,1391.82,2.28222e+06,1.74024e+06,68901.9,48937.3,4.86954e+06,3.42025e+06,15532.9,8489.6,1931.7,1332.9,461962
447079,458517,998.465,854072,913481,16398.8,16413.3,1.19829e+06,1.10278e+06,5840.3,3588.4,675.8,686.8,462204
508622,532130,978.765,1.01989e+06,1.06333e+06,17624.1,16935.5,1.59706e+06,1.45642e+06,5187.8,3397.1,538.7,571.3,462648
832223,721645,1180.92,2.01728e+06,1.78748e+06,63355.1,53012.7,4.76269e+06,3.84368e+06,11634.6,6718.1,1280.2,1255.7,462658
763832,751745,1040.47,1.47792e+06,1.48713e+06,48476,44724.8,3.04667e+06,2.66594e+06,13952.1,8742.6,2018.1,1270.9,462877
461298,485226,973.506,962512,1.02462e+06,19494.6,19217.4,1.1689e+06,1.06985e+06,5885.4,3696.3,579.1,757.9,465476
460601,476516,989.807,1.2914e+06,1.36093e+06,32068.3,30703.2,2.55942e+06,2.28144e+06,6082.6,3747.5,816.8,721.9,465552
470653,480380,1003.27,1.23465e+06,1.31176e+06,24846.7,23822,2.49176e+06,2.27188e+06,4973.9,3426.6,601.6,559.5,465695
514122,538429,977.781,1.46115e+06,1.52196e+06,22067.9,21095.1,1.92031e+06,1.71162e+06,5541.1,3444.2,880.9,705.6,465950
508794,541091,962.883,1.24948e+06,1.29718e+06,30916.3,29894.1,2.40629e+06,2.19438e+06,4437.5,2969.7,574.8,423.6,466025
510367,544901,959.11,1.24193e+06,1.28592e+06,39303.8,37313.5,2.93077e+06,2.63595e+06,4874.5,3353.4,529.3,775.2,466356
511259,541202,967.348,1.23623e+06,1.26555e+06,21110,20223,1.67567e+06,1.51825e+06,5865,3961.1,465.9,682.9,466538
505190,520753,993.398,677210,667769,11205.9,10890,912454,814884,2724.7,2308.6,408.4,403.7,466572
499004,526179,971.118,1.18949e+06,1.21188e+06,25655.1,24418.6,2.34186e+06,2.07703e+06,9221.7,5986.9,1324.9,997.3,466747
451068,456493,1011.84,1.24108e+06,1.28658e+06,28712,27461.6,2.73739e+06,2.50309e+06,5518.6,3652.5,735.9,505.3,466875
534850,548958,997.693,1.0826e+06,1.11041e+06,36591.8,34360.3,3.38810e+06,3.11984e+06,10059.2,6082.4,1290.3,952.4,466950
510741,533648,980.059,778927,762532,13752.5,12217.9,1.30324e+06,1.1117e+06,4381.6,2876.9,385.5,887.2,467227
518432,541702,980.021,1.22456e+06,1.26956e+06,26533.3,24880.2,2.37101e+06,2.15258e+06,5302.1,3650.6,903,758.5,467243
486743,516499,965.011,1.10899e+06,1.16377e+06,20422.5,19915.6,1.32553e+06,1.23287e+06,6594.7,4157.2,644,541.5,467313
474913,498964,974.647,1.02052e+06,1.06523e+06,20131.7,18919.8,2.17636e+06,1.99821e+06,5932.2,3623.1,616.7,711.8,467339
475557,498475,976.925,1.41343e+06,1.47032e+06,40540.2,39150.8,2.75358e+06,2.50885e+06,5899,3746.9,564.7,692.6,467376
529238,560232,967.347,1.51519e+06,1.54745e+06,26228.6,25203,2.02821e+06,1.81659e+06,5407.6,3469.5,789.8,839.3,467410
1.02398e+06,916796,1143.72,1.8087e+06,1.58415e+06,32130.4,26899.8,3.08034e+06,2.46552e+06,8569.1,5416.3,986.3,874.2,467440
761526,765935,1018.11,1.6611e+06,1.59313e+06,54160.4,47736.4,3.62777e+06,3.02669e+06,10852.5,6787.8,950.5,1147.8,467465
1.16034e+06,921712,1289.12,2.79604e+06,2.21336e+06,67628.4,51306.1,6.58871e+06,4.80693e+06,18933.6,9809.8,2372.4,1584.4,467521
488392,519473,962.734,1.00077e+06,1.00615e+06,33806,31902.3,2.24547e+06,2.01717e+06,5408.8,4067.1,550.6,487.4,467549
492523,529396,952.684,1.05099e+06,1.06394e+06,20987.4,20734,1.52096e+06,1.38927e+06,5386.3,3790.2,612.9,559.2,467563
169460,198835,872.727,329089,363871,3746.2,4138.3,14981.2,15805.2,6047.6,3861.7,748.5,661.8,467633
520859,555773,959.679,1.00362e+06,986626,14832.1,13530,1.20251e+06,1.03506e+06,4208.9,3093.1,639.5,693.4,467681
525826,569983,944.682,1.35872e+06,1.37129e+06,30578.5,29422.3,2.7455e+06,2.48754e+06,5260.3,3852.9,631.9,611.9,467684
445436,460321,990.889,900348,957877,14407.1,13465.9,1.20507e+06,1.11021e+06,6889.4,4159.6,1181.7,632.8,467687
805949,617445,1336.63,2.07395e+06,1.62578e+06,52332.3,38590.1,4.26506e+06,3.09999e+06,12187.8,6585.2,1562.7,1145.6,467692
515944,550536,959.672,1.44808e+06,1.51091e+06,34190.5,34072.2,2.26353e+06,2.08664e+06,5976.7,3792.4,656,706.1,467699
986836,950816,1062.79,1.80759e+06,1.66233e+06,48389.3,41648.8,4.10882e+06,3.41587e+06,13663.5,8895.8,1705.8,1325.2,467771
522295,541859,987.032,986015,970248,13626.1,13200.8,1.01952e+06,894590,2625.3,1931.7,400.4,597.7,467894
496606,520369,977.238,1.40133e+06,1.47041e+06,28179.8,27428.4,3.10564e+06,2.84931e+06,5962.1,3569.1,784.3,689.2,467935
521818,526696,1014.53,108970,108554,2595.7,2437.5,206326,183458,666.1,741.2,-57,366,467972
391374,381064,1051.71,300906,311897,11757.9,11427.6,1.00013e+06,900553,3377.4,2457.8,356.8,518.8,468009
440891,467288,966.169,896907,959623,17234.7,17211.5,1.17454e+06,1.09356e+06,6702.6,4326.4,756.8,694.3,468023
969961,995303,997.934,2.20543e+06,2.25929e+06,70336.3,65209.2,5.45408e+06,4.80484e+06,13503.2,8167.9,1583.4,1238.9,468057
508385,528741,984.585,626279,604384,7549.5,6684.4,728280,638213,2263.4,1859.3,324.5,519,468066
519510,547879,970.991,790660,769351,11124,10007.1,966738,829154,2501.8,1698.6,28,440.5,468075
488080,506986,985.817,1.07476e+06,1.12033e+06,20118.8,18821.1,1.37084e+06,1.20127e+06,7545.9,5062.3,903.7,675.7,468161
401273,396440,1036.5,1.12231e+06,1.1878e+06,17920.9,15916.7,1.4246e+06,1.25507e+06,4852.8,3089.3,401.9,465.8,468231
523660,548300,977.989,1.34196e+06,1.39536e+06,27257.5,25626.4,2.30907e+06,2.0739e+06,5029.8,3420.1,531.4,477.6,468242
454411,459245,1013.23,823601,869758,26348.2,23921.2,1.97161e+06,1.70973e+06,5308.2,3082.4,692.7,668.3,468304
730827,758106,987.155,1.7476e+06,1.71104e+06,42963.6,38175.5,3.43316e+06,2.86959e+06,13757.6,8389.6,1904.6,1097,468313
438878,446398,1006.76,860252,917904,21747.7,21672.1,2.22341e+06,2.03808e+06,6646.5,3799.6,985.7,996.1,468460
501158,537089,955.495,1.1602e+06,1.17091e+06,28264.4,27173.6,2.57928e+06,2.35442e+06,5733.9,3803.4,639.9,701.4,468538
1.00614e+06,962186,1070.78,2.1241e+06,1.9258e+06,46608.8,39973.3,5.14959e+06,4.21151e+06,12222.6,7525.9,1575.2,932.9,468688
457059,480006,975.058,881342,933614,22278.9,21665.2,1.80006e+06,1.6454e+06,6731.5,3978.7,1058.9,720.2,468799
977402,1.007e+06,993.909,2.37774e+06,2.41038e+06,34323.4,32436,3.33251e+06,2.99212e+06,12826,7785.9,1475.6,1061.6,469008
519273,545623,974.559,1.4544e+06,1.50316e+06,20828.5,19613.9,1.81289e+06,1.60305e+06,6345.3,4194.9,797.5,757.5,469377
838125,675502,1270.53,1.97442e+06,1.6352e+06,57603.4,44865.4,5.33805e+06,4.07279e+06,11956.4,6910.9,1721.9,1197.6,469388
536588,586245,937.272,1.71579e+06,1.8097e+06,3056.8,3271.8,14312.2,14087.8,4400.6,2647.6,531.3,649.7,470379
507393,546880,950.062,760907,794844,16360.1,16452.7,700200,670773,4838.1,3192.5,795.4,691.5,471386
528964,552352,980.654,1.44334e+06,1.47494e+06,47880.9,45803.1,3.08294e+06,2.7254e+06,6311.9,4092.8,885.1,683.9,471593
565041,584632,989.685,1.10773e+06,1.1148e+06,18535.9,17610.8,1.59136e+06,1.42463e+06,7346.1,4230.7,1164,999.2,471889
178337,209519,871.628,327044,350169,3935.9,4319,15413.5,17094.7,16208.5,10372.8,1059.7,962.3,472381
501723,525418,977.823,1.01084e+06,1.03961e+06,22500.3,20906.8,2.2298e+06,1.9901e+06,5400.8,3849.2,728.8,654,472563
998320,1.02455e+06,997.783,2.0369e+06,2.09607e+06,52391.2,48880.4,4.39579e+06,3.9079e+06,13816,8570.5,1836,1231,472668
501668,538015,954.833,993671,1.00701e+06,17760.9,17765.1,1.23338e+06,1.13289e+06,6382.6,4027.1,511.1,522.5,472966
451510,475412,972.525,968822,1.00378e+06,19991.3,19627.3,1.56201e+06,1.4414e+06,6805.2,4268.4,911.8,716.3,473026
1.00163e+06,996404,1029.37,2.20018e+06,2.13727e+06,54049.9,50299.1,3.644e+06,3.17705e+06,11259.2,7090.3,1715.3,1104.9,473032
481772,516418,955.305,992353,1.02306e+06,23312.2,21989.8,2.00841e+06,1.82448e+06,6505.7,4165.6,763.4,752.5,473253
487075,508500,980.862,1.24449e+06,1.29979e+06,34812.7,33637.4,2.69065e+06,2.45689e+06,5667.6,3575.6,675.4,837.3,473465
481453,504315,977.584,1.40029e+06,1.46689e+06,29345,28162,2.14548e+06,1.95049e+06,5441.9,3438.2,480.3,770.1,474541
489382,507217,987.996,1.38547e+06,1.46199e+06,30524.2,29556.3,2.35376e+06,2.11189e+06,5238.3,3449.1,544.3,634.3,477436
521287,549043,972.237,1.52527e+06,1.57053e+06,44727.8,42852.3,3.44585e+06,3.09548e+06,6492.5,3900.3,789.9,791.5,477830
532664,552107,987.943,924460,951257,13450.7,12355.1,1.15581e+06,1.01559e+06,3538.9,2845.6,612.8,508.4,478005
466267,471644,1012.33,972864,1.05822e+06,19966.1,19327.6,1.5738e+06,1.44907e+06,4157.9,3053.1,477.1,681.7,478019
458217,481797,973.894,1.38807e+06,1.47345e+06,35706,34341.3,2.82629e+06,2.54554e+06,5604.1,3601.9,701.7,658.1,478058
444209,457157,995.007,844762,916492,24927.4,24645.7,1.92638e+06,1.79469e+06,4482.5,2864.5,581.5,576.2,478102
997832,1.03913e+06,983.305,1.71666e+06,1.74358e+06,45872.8,44079.1,3.30033e+06,2.98962e+06,11204.9,6340.8,1386.2,1095.4,478145
503075,530771,970.57,798753,823109,21464,20781.8,1.49592e+06,1.37307e+06,5650,3585.6,935,775.4,478155
500323,534521,958.487,1.04395e+06,1.07809e+06,28902.3,28230.1,2.38348e+06,2.218e+06,6213.3,3920.7,987.4,831.1,478324
441599,463886,974.813,967441,1.00109e+06,12904.3,12378.6,1.43743e+06,1.30643e+06,5832.7,3867.8,319,424,478350
521632,545234,979.676,1.39734e+06,1.43541e+06,29630.7,27863.4,2.95336e+06,2.63324e+06,7228.2,4686.2,727.6,718.2,478398
386814,421652,939.403,981078,1.01069e+06,1978.8,1727.3,9482.5,8225.4,3000.2,2214.1,425.8,434.6,478534
125164,144635,886.162,48778.8,52919.8,356.2,639.1,-34.7,472.4,335.7,490.2,-168.8,315,478564
504806,529521,976.205,1.16959e+06,1.20913e+06,22583.8,21339.4,1.53648e+06,1.39538e+06,5478,3808.7,800.6,602.3,478573
1.38113e+06,1.19444e+06,1184.05,1.98923e+06,1.64643e+06,39915.9,31688.8,3.57602e+06,2.76551e+06,9888.7,5921.7,1184.6,1045,478626
481756,514438,958.957,947606,1.00445e+06,13755.4,12977.2,1.27799e+06,1.16298e+06,7404.4,4798.3,948.4,737,478684
945493,499485,1938.38,2.75873e+06,2.58619e+06,4561.2,3004.1,11352.8,6982,7719.8,4527.6,750,541,478722
453226,479796,967.3,1.15939e+06,1.2041e+06,18863.2,19020,1.639e+06,1.51829e+06,6360.5,3671,819.9,740.9,478727
437959,448141,1000.74,992144,1.04126e+06,39634.5,38461.5,2.33751e+06,2.15865e+06,6582.3,4229.6,744.7,700.1,478904
491389,534898,940.71,1.06968e+06,1.11191e+06,13766.2,13364.2,1.10763e+06,1.03172e+06,5922.1,4003.1,569.2,579.8,478988
2.10929e+06,1.56723e+06,1378.18,1.46902e+06,1.25455e+06,2153.2,1911.3,10120.6,8068.1,2948.2,2217.4,325.8,470.2,478997
486504,496474,1003.44,542504,575366,20200.3,19523.7,1.51927e+06,1.36155e+06,3138.4,2171,263.1,472.7,478998
511235,558430,937.467,1.01326e+06,1.02652e+06,26444.7,24626.2,2.35123e+06,2.08214e+06,8490.6,5877.4,1208.2,1031.2,479033
455982,466170,1001.62,428710,458499,22132.3,21594.4,1.45923e+06,1.35066e+06,3487.7,2288.4,415.4,713.3,479096
488854,537394,931.51,910213,945059,15772.6,15648.2,1.40167e+06,1.31021e+06,5944.9,4061.1,782,650.5,479131
502535,522635,984.623,1.08321e+06,1.13699e+06,21703,21246.7,1.62675e+06,1.4809e+06,5417.5,3393,808.1,806.6,479150
509126,528047,987.321,478803,486274,11020.3,10413.4,727458,648182,2126.4,1388.6,266.1,369.4,479178
443000,449750,1008.64,952094,1.00808e+06,16669.4,16047.2,1.85392e+06,1.70519e+06,5330.2,3276.8,423,733.3,479283
446113,450320,1014.45,93448.3,91547.8,4961.7,4766.8,365239,319429,1005.2,620,140.7,367.5,479379
498784,512239,997.115,541204,519678,8524.6,7805.2,558879,488524,2271.5,1430.5,238.3,489.6,479386
501344,522043,983.403,728386,711967,7782.7,7094.5,541352,477424,2636.6,1836.9,100.7,326.8,479418
529040,545183,993.692,463421,488454,6057.4,5770.1,538994,477941,1342.4,1272.7,432.8,689.9,479505
193793,211601,937.824,242306,242459,1422.7,1514.1,6912.4,6326.2,3653.1,2649.9,435,479.6,479531
977685,1.02751e+06,974.35,2.19888e+06,2.26018e+06,52806.7,50861.4,4.02436e+06,3.63130e+06,13991,9029.5,1152.1,906.6,479574
744442,685911,1111.39,177335,169618,9137.1,8299.1,855900,711854,3260.4,2056.5,258.3,408.3,479622
491092,527299,953.692,909351,910191,23126.4,21639.3,1.91212e+06,1.72239e+06,5176.2,4188.1,639.8,599.9,479642
488538,537965,929.925,755862,747947,30290,29878.3,2.49551e+06,2.34365e+06,5321.1,3473.1,651.1,784.7,479650
444629,468856,971.087,1.05429e+06,1.10961e+06,20750,19887.6,1.51198e+06,1.36071e+06,8609,5243.3,901.1,802.2,479702
498975,551535,926.425,1.07289e+06,1.11674e+06,26338,25900.2,2.44946e+06,2.25965e+06,6151.8,4220.7,800.9,766,479718
494262,535870,944.501,990897,1.0171e+06,26900.3,25230.5,2.06599e+06,1.88488e+06,6323.1,4159.8,740.9,723.2,479722
196571,224163,897.967,125278,127258,716.1,926,-62.5,875,406.3,725.2,-121.5,259.2,479723
473298,502863,963.808,899060,900529,28999.4,27772.3,2.01543e+06,1.82649e+06,5418.5,3813.4,764.5,739.3,479743
479779,492311,997.947,1.50068e+06,1.56926e+06,31172,30378.8,2.37515e+06,2.16641e+06,6277.7,3842.5,693.6,898.7,479749
426595,446390,978.603,1.19786e+06,1.28058e+06,29231.7,29296,2.07735e+06,1.93779e+06,6313,3503.9,784.9,713.2,479770
426424,443114,985.434,918256,952982,24776.2,23736.8,2.13468e+06,1.97089e+06,6639.7,3795.6,1032.2,889.3,479781
796982,774024,1054.37,1.02703e+06,990749,26585.7,21713.3,2.46497e+06,1.93737e+06,6769.9,4372.5,1111.4,665.8,479803
525336,549181,979.548,1.21448e+06,1.22797e+06,17651,15490.1,1.8938e+06,1.63877e+06,7387.6,4794.7,936.2,909.8,479815
363524,356787,1043.34,831314,864997,23935.5,23207.5,1.75141e+06,1.59501e+06,6068.5,3819.7,631.1,607.4,479826
494512,526080,962.553,982449,1.04006e+06,31557,31126.6,2.14452e+06,2.02082e+06,6279.7,4111.2,704.4,670.7,479841
232230,262937,904.412,447849,490121,1681.4,1777.3,5721.8,6871.3,2187.9,1653,-46,465.9,479879
367913,363281,1037.06,845088,882257,7289.1,7289.8,791878,731436,6547.9,3601.4,426.5,663,479890
684575,695203,1008.35,1.01928e+06,974288,18993.7,16939.7,2.18908e+06,1.8257e+06,4203.1,3298.1,564.4,700.5,479910
477212,497168,982.896,965053,1.03513e+06,28783.3,27226.9,2.28506e+06,2.04122e+06,4862.6,3132.9,555.4,693.7,479941
499743,542233,943.758,1.17721e+06,1.1855e+06,22153.5,21317.1,1.53943e+06,1.40169e+06,5202.7,3715,743.7,576,479989
451769,467501,989.551,954917,997446,23810,23080.5,2.24849e+06,2.06925e+06,6979.9,4505.3,1040.5,997.1,480000
514621,535881,983.375,781684,774771,16506.8,15625.3,1.47366e+06,1.30402e+06,2928,2361.5,356.2,742.3,480041
492570,539914,934.211,1.06806e+06,1.08328e+06,33298.1,31596.9,2.52845e+06,2.32387e+06,5608.7,3951.1,881.7,792.3,480053
490911,535348,939.009,911916,949353,29809,29336.8,2.59613e+06,2.40403e+06,6966.5,4136.7,881.7,975.3,480096
537763,557806,987.216,1.4803e+06,1.5516e+06,29675.2,28246.3,2.11107e+06,1.89125e+06,5536.5,3802.4,586.1,586.2,480116
502200,546393,941.178,992783,994832,31416.4,30259.6,1.76739e+06,1.61911e+06,6128.6,4126.6,899.6,905.1,480142
448328,463614,990.249,1.26073e+06,1.33444e+06,25408.7,24802.1,1.69827e+06,1.57052e+06,6040.1,3924,627.3,579.8,480210
522598,560159,955.348,1.4498e+06,1.4761e+06,19319.4,18117.8,2.10868e+06,1.89123e+06,5216.9,3449.5,238.7,387.9,480237
491287,532912,944.03,1.0162e+06,1.03914e+06,27506,27038.9,1.74677e+06,1.59569e+06,6123.5,4213.4,751.3,717.7,480277
441610,461837,979.162,1.14628e+06,1.20933e+06,8160.6,7683.2,537476,489025,6328.2,3910.8,629.9,640.9,480279
825984,623760,1356,2.08018e+06,1.61661e+06,41103.6,30137.4,3.54768e+06,2.57557e+06,12557.3,6771.2,1392.4,929.2,480299
464792,488537,974.23,1.04724e+06,1.11546e+06,14993.4,14961.8,1.20919e+06,1.14154e+06,6391,4094.3,510.8,536.4,480301
541344,559441,990.875,478058,508385,10589,10426.3,665629,584111,1664.1,1225.3,135.8,601.4,480308
503948,535831,963.082,1.0507e+06,1.07047e+06,29169.8,27816.3,2.12299e+06,1.93868e+06,5542.8,3509.7,632.9,568.1,480342
401989,403007,1021.43,694895,733301,18164.7,17321,1.77641e+06,1.61274e+06,5198.7,2771.7,525.8,517.7,480363
492153,539812,933.6,999023,1.00521e+06,32860.4,31447.8,2.33818e+06,2.14616e+06,6470.9,4490.2,886.1,752.5,480366
525213,557484,964.731,1.25768e+06,1.29666e+06,35720.3,33828.3,2.66234e+06,2.39359e+06,5216.1,3574.7,748.1,617.4,480527
1.43648e+06,972159,1513.09,1.45289e+06,1.21421e+06,7589.2,6384.2,30173.6,23151,7237.5,4778.8,1370,788.3,480586
440686,452698,996.831,1.2029e+06,1.26992e+06,28377.6,27288.1,2.66099e+06,2.40013e+06,5407.5,3192.8,496,547,480590
526594,551532,977.705,1.08768e+06,1.07499e+06,19841.9,18812.9,1.35043e+06,1.17765e+06,2790.9,2282.1,486.5,423.4,480626
1.01498e+06,1.02543e+06,1013.57,1.73774e+06,1.77084e+06,58879.9,55792.2,3.82127e+06,3.40267e+06,9001.2,5812.2,1413.8,976.9,480667
427117,440613,992.644,1.1864e+06,1.24039e+06,37087.2,35828,2.55157e+06,2.31813e+06,5436.5,3164.6,671.8,543.5,480750
528184,553678,976.859,1.44677e+06,1.47889e+06,24218.1,22956.3,2.23493e+06,2.01157e+06,5664.6,3757.8,570.1,772.1,480869
632770,632314,1024.74,1.59198e+06,1.6359e+06,21247.3,19381.9,2.06166e+06,1.74595e+06,9159.5,5772.8,909.7,723.6,480900
454245,473033,983.33,1.16112e+06,1.2232e+06,18578.5,17895.4,1.6657e+06,1.49855e+06,4820.5,2971.7,633.2,658.3,481139
895320,811732,1129.45,2.49977e+06,2.32196e+06,49869.7,42827,3.63539e+06,2.95851e+06,10878.6,6474.5,1228.9,867.6,481168
1.03675e+06,947490,1120.46,2.38047e+06,2.12519e+06,69763.7,58968.3,5.44014e+06,4.39987e+06,11103.7,6906.5,1015.2,830.5,481410
716069,727283,1008.21,1.49213e+06,1.47942e+06,33759.3,31082.1,2.92651e+06,2.61342e+06,14473.1,8994.3,1900.3,1317.6,481547
516106,552151,957.164,1.47591e+06,1.49401e+06,26534.5,25546.8,2.00185e+06,1.79496e+06,5209.4,3634.6,680.5,525.6,481803
188589,220383,876.294,326467,352697,3657,3990.6,16310.2,16927.4,1221.6,1168.2,1050.5,887.9,481858
565801,598315,968.357,1.22447e+06,1.2511e+06,23116.7,22300.3,1.54269e+06,1.41368e+06,8432.7,5193.2,945.3,750.3,481892
514637,533143,988.467,1.27156e+06,1.28132e+06,35893.8,32698.4,2.40402e+06,2.07109e+06,7557.8,4860.7,904,729.9,482055
507590,530337,980.08,989589,1.0237e+06,19038,17829.7,1.91824e+06,1.74673e+06,4492.2,3209.4,267.8,548,482062
904105,923159,1002.87,1.67625e+06,1.59158e+06,45856.5,42858.3,3.47871e+06,3.11433e+06,14201.7,8271.3,1807.9,1275.2,482072
455585,468233,996.342,968462,1.00235e+06,19438.5,19333.9,1.35716e+06,1.24186e+06,6262.1,4069.9,869.1,766.9,482169
662986,660215,1028.31,1.7491e+06,1.79119e+06,32917.5,29735,2.99331e+06,2.50196e+06,10091,6074.8,1151.3,1127.8,482234
491329,527388,953.992,1.04076e+06,1.0752e+06,12467,12027.6,1.23785e+06,1.13225e+06,5558.9,3739.8,745,721.3,482434
474690,482869,1006.67,1.23267e+06,1.31258e+06,41308.5,39798.1,3.09099e+06,2.79482e+06,4792.2,3156.4,687.9,486,482484
1.16101e+06,1.05257e+06,1129.5,2.61068e+06,2.44201e+06,91381.8,79852.9,6.48543e+06,5.22079e+06,22473.5,13601.1,2895.3,1809.1,482513
296657,318323,954.309,186672,197676,7388,7979.8,16285.4,17009.3,4971.3,3209.4,1259.1,1028.4,482556
1.11816e+06,704425,1625.44,3.19607e+06,2.15215e+06,79655.2,49535.4,5.77293e+06,3.53358e+06,18253.1,9096.7,2130.7,1283.5,482951
536243,564166,973.326,1.47254e+06,1.50595e+06,27118.6,25954.6,2.57484e+06,2.31806e+06,5320.5,3424.5,567.3,753.6,483010
531886,551088,988.318,1.06718e+06,1.08797e+06,20547.8,19552.4,1.96855e+06,1.75661e+06,4334.1,2993.4,774.5,734,483415
447396,462784,989.949,910686,964173,23799.3,23129.6,1.97162e+06,1.80304e+06,6893.2,4140,756.1,607.4,483440
505306,536902,963.75,1.13758e+06,1.18215e+06,22049.4,21303.1,1.52622e+06,1.38246e+06,5968.9,3630.8,867,670.2,483741
437761,458880,976.87,1.03175e+06,1.07445e+06,19369.6,18843.5,1.34384e+06,1.2456e+06,6056.1,3584.2,1002,669.3,484315
504768,542072,953.544,1.30544e+06,1.34233e+06,29672.9,28690.3,2.57148e+06,2.35944e+06,6666.5,4144,607,765.9,484442
484054,495652,1000.05,1.26308e+06,1.33264e+06,29844.8,28459.7,2.45699e+06,2.17343e+06,6256,4056.8,841.1,731.2,484828
720686,729298,1011.91,1.51148e+06,1.4672e+06,31427,28083.1,2.77258e+06,2.34743e+06,9919.2,6365.9,969.8,935.6,484833
488616,510649,979.817,1.00699e+06,1.06736e+06,19062,18697.6,1.37302e+06,1.26866e+06,5693,3846.7,848.5,694.6,484973
488408,514491,972.091,1.43248e+06,1.48776e+06,43437.1,42382.9,3.38416e+06,3.05826e+06,5724.2,3612.1,800.5,585.5,484988
252384,246113,1050.09,992850,947064,1835.1,1965.6,6078.3,5637.5,2853.4,1936.4,223.7,379,485428
857703,736813,1192.02,2.15806e+06,1.92034e+06,47330.8,39372.8,4.4671e+06,3.59924e+06,12126.1,6585.5,1414.6,1077.8,485684
511569,535058,979.049,1.40303e+06,1.47244e+06,18501.5,17685.4,1.53738e+06,1.37724e+06,5294.3,3238,671.9,663,486327
507405,538296,965.249,1.21395e+06,1.25161e+06,22290.9,21617.4,2.14435e+06,1.95756e+06,6153.8,3704.8,728.5,785.1,486950
488314,509806,980.841,1.12489e+06,1.18545e+06,33382.8,32342,2.49789e+06,2.28221e+06,6314.5,3793.6,964.9,784.5,487639
494265,511552,989.41,1.03547e+06,1.09768e+06,23603.3,22502,2.53355e+06,2.32079e+06,6130.4,4045.1,603.2,653.8,487677
649953,661214,1006.57,1.41017e+06,1.4499e+06,43844,41379.1,3.73969e+06,3.30375e+06,9917.6,6206,1038.8,979,488302
620751,646889,982.625,1.23193e+06,1.26328e+06,17697,16409.1,1.65004e+06,1.48092e+06,7101,4770.5,1060.6,867.8,547896
468915,486452,987.09,882047,941377,23714.4,23238,1.8234e+06,1.68336e+06,5458.4,3326.4,821.7,526.5,548047
506582,522376,993.038,810775,840001,18275.5,17751.2,1.74266e+06,1.59415e+06,5030,3532.7,384.6,528.1,548118
519668,545016,976.374,1.26124e+06,1.3144e+06,19628.9,18552.2,1.54342e+06,1.40053e+06,4983.7,3314.2,767.3,662.2,548180
423449,439021,987.689,939782,981020,23942,23550.8,2.07258e+06,1.90834e+06,5919.1,4081.3,698.5,622.9,548252
485163,514383,965.843,937002,990319,26890.7,26280.4,1.90425e+06,1.71416e+06,6495.4,3941.9,889.4,870.1,548766
468153,484909,988.625,953808,1.01242e+06,23107,22238,1.90664e+06,1.75434e+06,5484.8,3142.5,815.7,719.8,548878
514242,535052,984.179,844614,881767,26901.3,25060.3,1.84329e+06,1.6727e+06,4890.8,3143.2,584.5,659.5,549459
468052,476860,1005.09,1.07685e+06,1.12484e+06,18535.2,17281.4,1.65864e+06,1.44542e+06,7463.9,4642.8,1147.8,717.8,549524
450383,471044,979.091,794150,846539,13745,12838.2,1.49391e+06,1.36797e+06,5435.6,3543.7,750.8,566.1,549556
501167,512791,1000.8,1.4443e+06,1.52354e+06,41768.9,39855.5,2.81429e+06,2.50567e+06,5750.4,3576.1,560.8,774.9,549779
454633,458739,1014.84,1.36049e+06,1.43269e+06,33798.7,32177.7,2.60379e+06,2.31519e+06,5674.9,3791.9,891.4,712.9,549782
511028,533859,980.212,1.1707e+06,1.22566e+06,19251.3,18228.7,1.66634e+06,1.51571e+06,5302.3,3376.7,637.7,828.5,549829
526340,543970,990.816,1.00322e+06,1.02967e+06,21896.9,20915,1.90978e+06,1.68702e+06,4087,2686,559.3,565.2,549877
530150,542515,1000.66,1.18136e+06,1.22412e+06,23872.6,23021.8,2.1231e+06,1.89778e+06,4491.5,3066.6,338,611.9,549900
444039,457631,993.602,1.11446e+06,1.17553e+06,17078.5,16626.7,1.51108e+06,1.39993e+06,6188.4,3770.7,621,790.7,550112
543833,563644,988.014,1.24522e+06,1.27957e+06,27420.6,25192.6,2.43552e+06,2.13373e+06,7606.7,4830.2,1143.9,963.5,550167
490448,508036,988.555,1.07034e+06,1.08996e+06,19849.5,18591.9,2.16987e+06,1.92054e+06,7009.2,4469.6,932.6,852.7,550268
467241,482662,991.295,1.05785e+06,1.11958e+06,19467.5,18101.9,2.04415e+06,1.87302e+06,5508.3,3798.2,590.7,718,550364
504681,546520,945.62,1.40749e+06,1.44528e+06,23893.6,23547.3,1.90493e+06,1.74377e+06,6289.7,4070.3,856.9,677.7,550426
540267,559607,988.623,1.25931e+06,1.2982e+06,30024.6,28812.1,2.28479e+06,2.0117e+06,6334.5,4027,648.8,518.3,550734
468809,486936,985.895,942336,992195,19144.1,17671.3,1.69076e+06,1.50235e+06,5825.6,3729.3,447.8,708.2,551014
441684,448767,1007.85,697938,753165,23923.2,22752.5,2.0087e+06,1.85842e+06,5173.6,3550.4,822.4,754.8,551310
846789,716500,1210.21,2.3178e+06,1.9775e+06,69248,55920.3,4.7271e+06,3.66424e+06,11407.9,6628.9,1817.8,1058,551399
844700,640932,1349.56,2.27186e+06,1.88056e+06,51481.6,38212.4,4.65526e+06,3.4092e+06,12177.9,6457.5,984,943,551449
443897,458217,992.001,1.09967e+06,1.15646e+06,28138.5,27462,2.69369e+06,2.46507e+06,5958.4,3504.3,763.6,668.7,551524
150649,162241,950.839,73707,73586.4,508.3,536.3,1283.9,1197.7,233.2,538.4,82.5,621.7,551552
487455,527080,947.016,965749,996969,15408.3,14274.8,1.54289e+06,1.40286e+06,6331.7,4238.4,645.7,694.2,551965
494049,525596,962.545,869875,879947,23578.5,22700.6,1.80353e+06,1.63819e+06,3844.1,2930.3,605.7,545.9,552694
495089,528974,958.414,987852,1.00553e+06,2793.7,2896.1,191776,183906,6527.2,4163.3,843.4,688.6,552809
484597,508083,976.672,1.04883e+06,1.07522e+06,20476.7,19813.7,1.41809e+06,1.3064e+06,6110.7,4094,673,718.8,553225
482890,506722,975.841,1.01221e+06,1.03778e+06,24364.2,23472.5,1.98607e+06,1.82942e+06,5753.3,3477.8,625.6,507.6,553341
172499,198996,887.666,363924,394628,4097.8,4656,16061.2,17282.4,1051.5,843.1,567.5,828.4,553511
522773,539404,992.434,1.0146e+06,1.01769e+06,15770.1,14985,1.43929e+06,1.28399e+06,3308.8,2470.7,307.9,446.9,553533
452588,476253,973.126,962362,1.00079e+06,15970.6,15739.5,1.21745e+06,1.12129e+06,7195.8,4556.8,840.9,614.3,553635
446354,461082,991.293,928418,975944,18356.6,17919.2,1.48784e+06,1.36227e+06,6718.5,4103.8,873,527.5,553676
126055,139601,924.644,204040,230514,749.9,1018.2,662.6,1286.3,842,795,236.6,474.7,553702
489014,525008,953.795,984375,1.01225e+06,29094.5,28202.8,2.37945e+06,2.17404e+06,6369.6,4325.7,834.6,570.8,553758
455213,471897,987.797,1.0942e+06,1.17239e+06,35756.5,34593.3,2.71061e+06,2.47425e+06,5041.7,3567.1,624.7,664.5,553778
962265,817916,1204.73,3.7046e+06,3.49546e+06,8723.6,7960.5,55814.1,44976.6,13556.3,7577.4,1136.3,994.8,554046
518689,563695,942.254,1.3564e+06,1.38892e+06,36452.3,34637.3,2.74178e+06,2.50186e+06,6278.6,4103,551.6,619.4,554087
504283,521171,990.823,704369,708048,12522.2,11876.2,1.28945e+06,1.16713e+06,4534.5,3440.2,675.2,697.9,554095
157880,182318,886.772,268855,292860,788.1,1252.1,1776.2,2171.4,584.3,882.3,111.2,443.1,554568
505976,532157,973.63,937521,970763,34483,33023.7,2.18196e+06,1.98036e+06,5426.1,3405.5,538.9,594.6,554600
848603,651389,1334.04,2.30461e+06,1.81641e+06,50746.1,37900.7,5.29088e+06,3.80452e+06,11214.2,6137.7,1147.9,925.5,554722
459293,467998,1004.96,879357,936512,17121.6,15873.7,1.23064e+06,1.10029e+06,6130.2,3985.4,722,609.6,555002
177315,210287,863.468,343816,370530,3852.4,4450.1,15662.1,16492.2,1122.5,855.4,704.2,875,555275
491790,530556,949.187,978046,988341,24324.6,23448.1,1.64038e+06,1.50167e+06,7271.9,4794.7,834.7,638.7,555371
485746,515156,965.547,1.45821e+06,1.52276e+06,33511.7,33014.3,2.2058e+06,1.96423e+06,6170.6,3912.4,893.8,768.3,555427
472426,499343,968.815,1.05143e+06,1.08387e+06,21335.5,20489.5,1.51823e+06,1.39182e+06,5835.2,3898.9,827.1,665.5,555878
511240,534196,980.002,961780,998108,15919.8,15102.1,1.38625e+06,1.23743e+06,5312,3398.9,603.6,679.6,555966
495830,526927,963.581,1.04622e+06,1.07609e+06,16458.4,15694,1.65704e+06,1.52981e+06,6721.7,4299.8,751.2,698.6,556261
483081,501644,986.115,944446,999091,23459,21810.7,1.88601e+06,1.6948e+06,5880.6,3763.7,679.1,707.6,556435
494980,531289,954.019,966573,970319,27134.9,26333.1,1.96754e+06,1.80672e+06,6744.8,4332.2,935.9,725.7,556488
720067,738814,998.024,1.81377e+06,1.82e+06,45454.7,42753.1,3.6068e+06,3.13955e+06,12614.8,8050.8,1696.5,1245.8,556516
498019,525390,970.664,983600,996481,17330.9,16434.5,1.69588e+06,1.53603e+06,6997.8,4547.5,969,671.6,556632
449956,461515,998.359,1.21265e+06,1.28087e+06,27162.3,25857,2.38321e+06,2.16827e+06,5699.4,3595.5,663.7,764.8,556680
453641,481843,964.071,1.06151e+06,1.10018e+06,19521.7,18895.8,2.0215e+06,1.88103e+06,5678.2,3647.9,349.3,487.3,556688
443838,457715,992.959,885485,941820,30516.1,29086.9,1.95531e+06,1.79294e+06,6324.6,4053,1004.9,769.7,556696
459372,477763,984.587,903608,951165,15808.1,14788.6,1.38511e+06,1.26373e+06,5556.8,3653.6,652.7,761,556753
524212,540236,993.633,1.28055e+06,1.3307e+06,23140.1,21984.2,2.19956e+06,1.99134e+06,4660.4,3062.5,390.6,552.5,556763
232932,255995,931.755,292807,308046,1375.6,1455.8,4934.1,4793,467,691.1,120.2,378.8,556796
502646,521945,986.139,960278,996926,28120.7,26888.7,1.96064e+06,1.77028e+06,5312.2,3566.9,819.1,769,556850
530272,556228,976.222,1.32005e+06,1.37992e+06,18626,17977.1,1.67368e+06,1.50784e+06,5313.9,3325.7,558.9,617.1,556883
465761,493748,965.963,1.05176e+06,1.09573e+06,33203.9,32249.9,2.8361e+06,2.65198e+06,6281.3,3887.2,573.2,644.9,556990
476379,507943,960.379,1.03267e+06,1.07294e+06,31643.6,30738.8,2.28778e+06,2.12482e+06,6398,4124.1,865.2,722,557057
509814,531925,981.443,1.11023e+06,1.15536e+06,26401.4,25931.8,2.46419e+06,2.249e+06,5935.7,3776.9,605.7,626.8,557073
481172,506972,971.894,1.07522e+06,1.11448e+06,25666.7,25019.7,2.37829e+06,2.21308e+06,6029.6,3813.2,813.4,864.4,557204
570714,585248,998.569,1.23535e+06,1.27111e+06,48104.5,43665.7,3.18517e+06,2.67787e+06,7895.5,4780.6,980,739.3,557457
731082,671271,1115.25,3.91856e+06,3.67542e+06,5935.9,5371.2,23609.6,19821.1,12402.3,7242.6,355.2,593,557702
495115,521251,972.66,988215,1.02792e+06,23730.6,22651,1.76075e+06,1.61104e+06,5783.5,3960.7,697,790.3,557785
160981,192775,855.142,326536,355595,3931.9,4418.8,15379.9,16789.2,693.6,793.1,622.9,668.2,557794
506137,523999,989.106,1.03248e+06,1.05839e+06,30954.8,29588.4,2.00902e+06,1.78896e+06,6404.2,4190.7,567.3,665.6,557917
452260,471692,981.821,892369,946016,20186.9,19199.7,2.25399e+06,2.04656e+06,6181.9,3541.6,1223.5,840.6,558110
535352,575685,952.266,215182,223430,1866.6,1821.2,5888.2,6109.2,768.1,786.3,101.6,423.4,558435
941692,784907,1228.55,5.33393e+06,4.59284e+06,40360,38535.8,2.16156e+06,1.98942e+06,16644.5,9405.3,1254.2,1072.6,558617
499335,528216,968.025,1.0893e+06,1.14048e+06,46562.7,44844.9,2.8034e+06,2.56792e+06,5703.7,3821.3,658.9,632.4,558647
523271,546969,979.634,1.06684e+06,1.10216e+06,27997.9,26092.8,1.849e+06,1.6231e+06,5324.8,3613.7,412,452.9,558665
528608,562696,961.965,1.40856e+06,1.45071e+06,45464.4,43469.9,3.9277e+06,3.53532e+06,5490,3448.1,637.9,491.1,558910
1.59758e+06,1.3051e+06,1253.49,4.61429e+06,3.99741e+06,89335.9,71423,8.47081e+06,5.59122e+06,26800.4,15034.6,3141.2,2016.7,559043
506805,532688,974.257,1.50353e+06,1.55303e+06,17936.5,17148.5,1.81589e+06,1.61881e+06,6325.9,4130.2,498.3,616.6,559761
1.11173e+06,951115,1196.92,3.28084e+06,2.92361e+06,66107.1,54395.1,6.0573e+06,4.77899e+06,18363.9,10526.2,1810.3,1373.2,559809
476888,491987,992.578,1.03474e+06,1.08557e+06,30797,29048.9,2.41657e+06,2.12758e+06,8357.9,5042,1091.1,817.1,560156
481186,504821,976.066,943788,1.00255e+06,14768.4,14467.1,1.27377e+06,1.16759e+06,7376.6,4561.7,707.2,767.5,561044
496810,516934,984.147,1.16165e+06,1.21524e+06,14635.7,13958.2,1.34534e+06,1.22534e+06,6160.2,3567.4,804.2,844.3,562993
853365,759072,1151.2,1.95662e+06,1.77951e+06,55540.9,47473.4,4.01876e+06,3.27373e+06,13983.5,7809.1,1859.1,1166.7,563670
583984,607120,984.977,1.13241e+06,1.17619e+06,27200.8,26093.3,2.2957e+06,2.07234e+06,8345.4,5004.9,778,771,564405
511388,531402,985.437,1.10439e+06,1.14379e+06,33592.6,32322.1,2.49763e+06,2.27524e+06,5205.8,3578.7,663.4,763.8,565163
483627,501770,986.976,1.43143e+06,1.5119e+06,44475.3,42728,3.21395e+06,2.86531e+06,5506,3510,815.9,921.4,565719
482408,510715,967.249,1.12554e+06,1.19738e+06,28754.1,28007.5,3.03333e+06,2.77443e+06,5125.5,3411,646.5,670.2,565805
514424,556469,946.637,1.49425e+06,1.51094e+06,41466.2,39221.1,3.47058e+06,3.07991e+06,5043.6,3708.1,684.5,598.2,566185
513963,556385,945.925,1.49073e+06,1.52176e+06,38893.2,36898.8,3.39799e+06,3.03947e+06,6091.2,4385,850.2,1067.7,566205
513666,541817,970.797,1.33146e+06,1.3862e+06,22391.8,21257,1.45088e+06,1.30517e+06,5684.6,3558.7,442.7,587.6,566212
748612,741502,1033.83,822596,821706,18405.1,15663.2,1.81e+06,1.46513e+06,4946.6,3235.3,696.4,694.8,566237
440521,469348,961.114,962840,996368,19486.7,18773.2,1.90293e+06,1.74967e+06,6583.8,4461.9,851.6,751.9,566273
520627,540704,985.991,607187,631903,15442.5,14355.6,1.22367e+06,1.08665e+06,2280.3,1832.5,411.7,402.8,566361
800589,754548,1086.49,869221,910797,25770.7,23243,2.25326e+06,1.96936e+06,11113.8,6972.8,1458.1,979.1,566526
452216,458943,1009.01,304254,323268,7411,7181.7,690694,640528,3997.5,2968.8,707.6,748.5,566567
505042,535546,965.678,1.15997e+06,1.20106e+06,35596.8,34903.7,2.01591e+06,1.8324e+06,5203.2,3397,803.2,817.5,566616
452955,464005,999.624,1.05733e+06,1.10146e+06,31702.4,29752.4,2.12794e+06,1.85596e+06,7134.2,4242.8,957.4,718.2,566653
503780,528232,976.598,658943,641243,13853.4,12830,1.19471e+06,1.05465e+06,2593.9,2066.6,533.1,694.2,566673
456398,460980,1013.83,821851,876228,18221.6,17636.2,1.27967e+06,1.16136e+06,4949.8,3518.5,516.8,655.8,566679
507196,538145,965.111,986031,1.02055e+06,23957,23052,1.95397e+06,1.77052e+06,6273.8,4107.7,551.3,654.8,566698
463958,480420,988.919,1.19929e+06,1.27098e+06,31830.8,30757.1,2.33218e+06,2.10624e+06,4481.8,2652.9,654.6,464.3,566720
478268,491976,995.482,921153,979292,24340.7,23114.1,2.28592e+06,2.10177e+06,5359,3608.9,894.7,710.9,566787
489684,534244,938.598,943229,973615,36153.8,35333.5,2.43387e+06,2.24768e+06,6667.1,4336.6,681.6,674.5,566793
491723,520342,967.691,1.17192e+06,1.18841e+06,30926.8,29027.2,2.84953e+06,2.52845e+06,8619.7,5388,1035.2,981.4,566877
1.3614e+06,1.05676e+06,1319.2,3.30887e+06,2.48499e+06,112665,82069.7,7.50899e+06,5.14664e+06,19648.2,10212,2401.1,1701.2,566887
494044,525055,963.532,1.01237e+06,1.02982e+06,35487.4,34305.7,2.31435e+06,2.1166e+06,6489.8,4331.6,721.9,767.5,566927
503153,528554,974.792,856794,873350,27541.6,26250.5,1.70096e+06,1.54531e+06,4147.1,3038.6,524.5,646.5,566963
509726,547361,953.593,1.13132e+06,1.15352e+06,25206.3,23999.2,1.86691e+06,1.69127e+06,4543.7,3189.1,387.3,600.7,567022
439215,452819,993.243,831346,881568,25767.3,24773.6,2.01757e+06,1.84859e+06,6035.1,3873.4,1130.6,867.3,567034
1.26796e+06,1.02256e+06,1269.75,1.2895e+06,1.03654e+06,23294.8,17256.4,2.02782e+06,1.45323e+06,5958.3,3758.2,636.8,728.6,567055
416462,416764,1023.27,490378,515395,13945.4,13117.8,1.24902e+06,1.12827e+06,4179.4,2844,441.8,614.8,567145
524544,533509,1006.8,151434,151681,4089.6,3791,289922,261091,692.2,683.9,155.4,596,567157
504282,549598,939.577,993820,1.03103e+06,13894.3,13543.7,1.14028e+06,1.04874e+06,5331.6,4290.7,822,832.7,567254
519138,535376,992.94,70961.7,71655.1,1726.8,1854.9,173128,152773,464.2,501,101.4,593.7,567269
523503,526398,1018.38,82177.5,82143.1,1002,1051.9,86671.2,75022.6,759.4,721,236.9,687.1,567274
1.05996e+06,934720,1161.2,1.87012e+06,1.55784e+06,49684.3,39759.2,4.28e+06,3.34031e+06,15349,9296,1910.7,1595.3,567275
439094,448922,1001.59,863416,924825,28377.5,27829.4,2.24218e+06,2.07317e+06,5522.4,3492.5,801.5,712.2,567308
453026,464507,998.696,419603,440624,35284.8,32078.8,4.42355e+06,3.97145e+06,2627.9,1766.1,629.3,641.2,567366
524206,578690,927.593,1.44824e+06,1.50002e+06,31736.7,31237.5,3.099e+06,2.83331e+06,5618.1,3931.6,835.8,802.3,567374
484644,504616,983.486,614616,593380,11666.4,10305.2,952307,829499,2649.4,1884,495.4,494.1,567392
517162,542770,975.69,1.2271e+06,1.26132e+06,34034.8,32888.5,2.43732e+06,2.21051e+06,5236.8,3536.1,736.2,614.8,567453
2.81274e+06,1.25039e+06,2303.49,1.96103e+06,749182,18233.7,6760,61007.7,21213,15599.7,5385.2,2995.1,1330.3,567470
481596,515211,957.195,907343,914559,12135.5,11932.5,1.12239e+06,1.02344e+06,6416.5,4357.2,707.8,896.3,567485
491887,540585,931.755,727326,745141,22170.9,21857.8,1.39516e+06,1.28066e+06,6176.7,3958.7,798.1,616.6,567503
764318,760205,1029.55,1.40868e+06,1.30042e+06,33230,27746.8,2.78573e+06,2.18639e+06,10266.9,6672,1253.7,942.2,567509
490721,534203,940.656,1.10793e+06,1.12781e+06,32809,31223.8,2.07421e+06,1.87127e+06,5401.3,4003.3,788.6,600.9,567571
491072,530997,947.015,1.05704e+06,1.07196e+06,24029.6,23107,2.28036e+06,2.09151e+06,6364.2,3818.2,695.9,829.4,567577
512318,551936,950.51,1.19646e+06,1.18875e+06,35427.9,32394.1,2.70346e+06,2.35496e+06,6021.4,4016.3,714.6,789.5,567610
1.02373e+06,735881,1424.55,2.92394e+06,2.0558e+06,72510.1,49293.3,5.69829e+06,3.7689e+06,17281.9,9143.6,2354.3,1292.8,567687
524424,562588,954.541,1.4045e+06,1.4215e+06,19220.7,18500.8,2.14424e+06,1.93126e+06,5254.2,3427.3,440.3,632.1,567700
528301,548261,986.727,894713,954661,22757.8,21344,1.74236e+06,1.53748e+06,4709.9,3238.5,690.5,768.1,567715
442169,449640,1007,249152,255659,12303.4,12079.6,1.0382e+06,952532,2678,2024,504.6,601.2,567719
499054,536410,952.69,998778,1.0361e+06,20580.4,20108,1.54312e+06,1.40694e+06,4996.8,3778.7,466.1,604.4,567724
587824,609316,987.888,1.21147e+06,1.26381e+06,22435.9,21214.2,2.14474e+06,1.93035e+06,11175.6,6792.6,1423,1007.2,567834
968474,914194,1084.8,1.35914e+06,1.3984e+06,39180.9,36734,3.59721e+06,3.20456e+06,10453.9,6574.5,1515.4,1109.5,567850
499491,532898,959.808,1.34216e+06,1.37184e+06,33912.6,32549.5,3.08024e+06,2.80762e+06,5252.7,3788,390.1,653,567853
456859,470881,993.509,931190,993002,26335,25256.3,1.92125e+06,1.76146e+06,6509.5,3996.8,613.6,552.1,567899
460617,486114,970.292,1.22544e+06,1.2891e+06,28210.9,28003.4,2.13541e+06,1.99236e+06,6395.7,4484.9,822.9,710.6,567926
459580,474502,991.809,1.35067e+06,1.39447e+06,44039.2,42627.8,2.84273e+06,2.5327e+06,5834.1,3429.5,704.3,614.9,567928
547500,568614,985.987,966140,940045,11375.5,11083.2,1.10741e+06,957175,1970.9,1638.3,325.9,560.5,567940
477158,511808,954.689,931156,989134,20974.6,21062.5,1.61152e+06,1.50812e+06,7493.7,4724.9,1116.3,850.1,567976
440063,460237,979.125,1.09268e+06,1.16401e+06,26899.9,26792.5,2.2641e+06,2.12804e+06,6463.3,3854.6,510.6,572.9,567985
468317,496379,966.115,1.04931e+06,1.097e+06,25332.6,25031.2,2.41526e+06,2.26306e+06,6744.8,4061,748.6,735.8,568013
409758,412992,1015.98,844323,902721,21310.9,20225.7,1.82318e+06,1.63868e+06,4518.8,3035.2,572.8,405.1,568052
855192,685832,1276.88,1.05883e+06,962854,50760.9,41205.8,3.35189e+06,2.63571e+06,10828.2,6613.9,1348.7,927.7,568067
542958,558322,995.825,2.06153e+06,2.13478e+06,3120.5,3137.5,11855,11771.6,3111,1879,133.9,528.1,568078
422582,425566,1016.83,1.22629e+06,1.29386e+06,28001.3,26705.8,2.95823e+06,2.66878e+06,5177.9,3226,526.4,680,568080
3.81431e+06,2.08725e+06,1871.3,5.95523e+06,3.98389e+06,15140.2,8334.5,63072.3,34162.3,20775.8,10492.3,2264.8,1395.7,568113
510129,527959,989.429,432099,453007,4419.5,4046.9,449271,404163,1690.3,1518.1,204.5,447.6,568124
311952,354012,902.346,119814,136099,1622.6,1817.3,5465.3,5180.2,1188.1,858.9,141.9,501.6,568143
1.01552e+06,840646,1237.02,1.75229e+06,1.40061e+06,49606.6,39030.3,3.3745e+06,2.53139e+06,6240.6,4185.7,554,764.3,568167
470100,469524,1025.26,275552,282532,10908.1,10244.3,770215,670421,2139.3,1974.5,238.5,468.4,568190
414817,426083,996.929,956971,1.0079e+06,19270.6,18950.9,1.59388e+06,1.47899e+06,7217.9,4144.1,886.9,837.2,568245
505820,533658,970.587,909584,917945,13933.5,12900.1,1.04686e+06,934095,4268.3,3026.1,440.4,470.4,568256
426743,438729,996.027,974996,1.00275e+06,40138.7,38104.1,2.56934e+06,2.24935e+06,8374.2,4998.7,1354.8,893.5,568311
438361,449420,998.81,460548,497644,10887.3,10997.1,1.08954e+06,1.01158e+06,3474,2528.4,605.2,551.4,568382
457752,487808,960.908,995006,1.04836e+06,19673.6,19091.8,1.93022e+06,1.80389e+06,7087.7,4417.1,822.5,1030.7,568421
522259,536707,996.44,542599,554801,15819.7,15550.6,1.87476e+06,1.76973e+06,2474.7,1868.9,146.5,528.4,568489
494895,525192,964.927,842994,856182,27598.1,25514.8,1.87488e+06,1.67768e+06,4109,2931.1,593.4,546,568499
441177,455043,992.802,821561,874839,27080.1,25264.3,1.9201e+06,1.73853e+06,4669.4,2996.7,638.9,605.7,568653
506720,534593,970.611,666307,649058,32354.4,27203,4.05471e+06,3.29091e+06,2788.8,2088.2,769.2,873.5,568670
502671,532707,966.268,779581,778746,25862.2,24158.4,1.60545e+06,1.42556e+06,3700.2,2831.5,623.9,550.6,568731
519909,573571,928.2,1.5325e+06,1.56404e+06,28395.2,26980.2,2.68748e+06,2.41934e+06,5372.8,3368.2,631.5,845.9,568749
498201,528603,965.11,1.1635e+06,1.20908e+06,14402.9,14215.6,1.28137e+06,1.19227e+06,6691.1,4761.3,379.7,842.4,568768
523501,550671,973.487,1.24598e+06,1.26123e+06,26492.4,25190.6,1.74293e+06,1.5276e+06,4182.8,3059.3,342.9,667.2,568822
474794,492784,986.632,1.49948e+06,1.5794e+06,22426.6,21422.5,1.88595e+06,1.69761e+06,6377.1,3952.5,706.1,672.4,568866
709404,636872,1140.62,1.16336e+06,1.19127e+06,32705.2,28386.8,2.49395e+06,2.11185e+06,9831.2,5564.9,1142.2,868.5,568870
467976,492122,973.759,1.21004e+06,1.25801e+06,23914.3,22366.6,2.19509e+06,1.96927e+06,5972.7,3897.6,800.8,624,568937
501023,531354,965.549,675678,659090,14015.7,13491.7,956882,846009,2775.3,2121.6,108.1,294.4,568951
533014,555241,983.01,698765,659564,8324.6,7452.1,546704,461879,2560.9,2140.3,76.1,440.3,569044
431828,455055,971.745,1.06955e+06,1.13103e+06,18724.9,18707.4,2.217e+06,2.06517e+06,7275.9,4433.4,844.2,593.3,569173
467670,478292,1001.27,744690,803742,20620.7,20320.6,1.46018e+06,1.35068e+06,3971,2606.7,533.2,696,569185
471884,495274,975.643,998619,1.05717e+06,25466.2,24995.3,1.88145e+06,1.72067e+06,4616,3124.5,578.3,713.2,569221
538187,546856,1007.78,597041,634827,23813.5,22114.6,2.0004e+06,1.7806e+06,5212.8,3534.9,685.7,713.3,569229
510201,534468,977.514,808524,809589,27671.5,26583,2.08393e+06,1.85078e+06,4354.9,2924.6,652.9,664,569263
516663,538643,982.218,1.05492e+06,1.08067e+06,24340.3,22373.4,2.14338e+06,1.89264e+06,6468.8,4144.8,507.1,811,569356
509403,546427,954.622,1.42867e+06,1.4607e+06,24310.4,22744.9,1.95254e+06,1.74142e+06,6443.8,4718.6,1117.9,660.4,569384
437376,462829,967.696,1.0777e+06,1.14226e+06,18155.3,17694,2.03284e+06,1.91251e+06,6501.4,4047.1,671.8,722.4,569392
423309,437629,990.503,901694,939923,20603.7,20277,1.42617e+06,1.31667e+06,7441.9,4408.4,1303.5,883.2,569408
536542,551692,995.885,1.02967e+06,1.03985e+06,29967.5,28188.3,2.19217e+06,1.93836e+06,4116.3,2763.3,411.6,562.1,569430
688411,508555,1386.16,1.42472e+06,1.18611e+06,14190.8,10996.4,17197.9,11370.3,5282.2,3264.2,612,641.4,569514
477199,366516,1333.25,646100,508950,12458.9,9357.2,67746.6,46511.3,5270.3,3088.9,1015.7,935.7,569533
447414,458190,999.929,803224,856896,23267.1,22682.9,1.44666e+06,1.33297e+06,5959.2,3546.3,523.4,524.9,569825
497899,532809,956.908,1.34968e+06,1.39364e+06,33515.9,32289.3,3.04178e+06,2.77351e+06,5826.6,3562.5,707.1,609.5,569907
149632,158534,966.53,205490,212152,701.1,939.7,1244,1592.2,610.4,533.9,255.4,348.2,569935
454343,458751,1014.18,460414,477168,9373.4,9202.3,882301,804682,3493.8,2138.2,338.7,567.5,569945
493406,522751,966.529,989368,998312,21767.7,21299.1,1.45733e+06,1.3297e+06,6992.8,4291.4,913.8,820.1,569948
505421,539670,959.024,1.10959e+06,1.11347e+06,31247.6,29113.9,3.27285e+06,2.9026e+06,7466.1,4579,982.6,1002.8,569965
540475,555543,996.238,566792,595168,10234.9,9242.8,757673,664651,2219.2,1620.6,272.2,476.7,570176
499831,531841,962.369,876208,882233,17818.9,16747.7,1.10558e+06,988748,4665.2,3483.6,723.8,620.7,570209
502894,535393,961.844,1.00225e+06,1.02898e+06,19467.7,19133.8,1.76018e+06,1.59422e+06,4695.8,3618.8,406.2,553.6,570261
465271,477486,997.816,1.1182e+06,1.16396e+06,15000.1,13727.8,1.49234e+06,1.30029e+06,6313,4079.1,787.3,832.7,570272
850656,651376,1337.3,2.1603e+06,1.664e+06,58435.3,42669,4.01977e+06,2.82381e+06,11973.6,6556.7,1427.7,945.7,570315
444662,461352,986.956,1.39142e+06,1.47691e+06,18222.8,18038.9,1.56418e+06,1.43868e+06,6459.4,4013.5,829.4,521.9,570377
1.00138e+06,907606,1129.8,1.96528e+06,1.70126e+06,44494.5,36023.6,4.11579e+06,3.25508e+06,11314.1,6599.8,1290,1041.3,570472
516659,537248,984.771,757375,743433,15479.4,13992.6,1.19898e+06,1.03060e+06,4995.4,3306.6,798.2,579.4,570510
466980,486244,983.437,1.1939e+06,1.21484e+06,40092.2,37052.7,2.51721e+06,2.19047e+06,7240.3,4303.2,760.5,961.7,570512
455763,479466,973.38,1.1056e+06,1.15978e+06,14159.5,13569.6,1.20396e+06,1.12531e+06,6440,4216.3,763.4,618.7,570538
493739,533910,946.965,1.08684e+06,1.09771e+06,16706.5,16218.2,1.59231e+06,1.45353e+06,4805.2,3228.9,419,739.1,570561
538634,563435,978.93,1.00185e+06,976764,17631.5,16367.9,1.42844e+06,1.22818e+06,2266.5,1761.5,458.6,649.4,570642
513101,560254,937.826,1.32902e+06,1.37595e+06,22929.5,22281.3,1.98823e+06,1.8232e+06,5668.6,3604.6,572.1,658.7,570660
421973,430685,1003.3,888699,933446,23437.9,21685.8,1.73224e+06,1.56451e+06,5889.2,3692,672.3,576.9,570688
505095,530260,975.411,648829,635451,11681.6,10815.1,1.08636e+06,955746,2816,1885.8,347.1,459.9,570690
476853,502001,972.703,1.17134e+06,1.21738e+06,33764,32456.2,2.71182e+06,2.4375e+06,8460.8,5244.2,1438.5,972.8,570709
432410,439066,1008.48,1.18607e+06,1.24354e+06,39002.1,37132.6,2.57783e+06,2.28559e+06,4942,3247.8,595.5,525.9,570757
501983,536733,957.71,1.08553e+06,1.12368e+06,24810.1,23327.4,2.13076e+06,1.9397e+06,4927.6,3223.5,763.4,641.1,570793
528632,567375,954.087,1.48269e+06,1.55719e+06,25702.9,25090.2,2.13252e+06,1.941e+06,6840.3,4387.9,959.5,877.8,570795
419144,432118,993.268,897057,934901,26542,25498.8,2.04426e+06,1.8761e+06,6956.5,4212.6,774.2,759,570811
457126,488524,958.193,1.11899e+06,1.18148e+06,13067,12607.1,1.53253e+06,1.43608e+06,6193,4009.8,494.6,570.9,570820
433983,444976,998.701,1.11543e+06,1.16804e+06,23209.5,22226.1,2.52872e+06,2.3286e+06,5792.4,3296.1,777.9,721.3,570843
501057,538885,952.126,1.07302e+06,1.08172e+06,25917.5,25147.5,2.16664e+06,1.98449e+06,4986.2,3364.2,475.2,563.4,570854
488845,517581,967.157,1.37281e+06,1.43057e+06,21394.6,21001.7,1.89679e+06,1.71549e+06,5856.4,3741.2,486.6,600.3,570866
494887,535070,947.109,948794,974558,22010,21203.7,1.71445e+06,1.55248e+06,6248.3,4131,804.5,758,570887
441644,454135,995.85,1.04202e+06,1.08275e+06,15079,14813.5,1.42333e+06,1.32486e+06,5977.4,3666.1,889.3,675.3,570889
505456,548690,943.316,1.03957e+06,1.05432e+06,30725.9,30009.4,2.14414e+06,1.97851e+06,7018.5,4606.4,740.7,1069.1,570928
790077,768290,1053.04,877448,865379,17425.8,14872,1.61716e+06,1.27022e+06,4610.7,3117.7,556.5,476.3,570957
462423,477384,991.924,699560,762692,17377.7,17214.1,1.30219e+06,1.21528e+06,5130.9,3013.7,724.3,681.4,571034
190446,226883,859.559,356624,376935,4011,4353,13024.8,14817.8,2320.3,1964.2,782.8,895,571042
491881,513050,981.753,1.08321e+06,1.13436e+06,31046.1,29700.9,1.98764e+06,1.81454e+06,5067.5,3484.7,1059.5,743.5,571061
510743,541452,965.93,1.05442e+06,1.07229e+06,22713.8,22008.9,1.71096e+06,1.55188e+06,4617.5,3433.2,690.6,664.8,571062
1.23739e+06,923812,1371.59,2.99444e+06,2.41721e+06,10034.6,7708,31235.5,23268,20157.1,9993.9,1313.1,975.3,571067
442737,446604,1015.14,781528,844490,12751.1,12839.2,1.36062e+06,1.2486e+06,4248.3,2683.3,396.9,623.8,571068
441212,452305,998.887,229879,236554,9117,8762.3,845912,772770,3388.6,2392.2,347.1,531.8,571160
536202,550336,997.7,640378,650656,6485.3,6488.6,580717,503359,1807.3,1745.7,56.1,272.9,571171
487208,526117,948.279,965452,964283,19108.8,18034.2,1.92353e+06,1.72702e+06,5288.6,3743.6,545.8,607.9,571214
490933,531687,945.521,982041,991502,23328.7,22751.7,1.73689e+06,1.60313e+06,5564.5,3952,709.4,740.4,571247
524715,565228,950.611,1.26399e+06,1.3222e+06,36199.2,34928,3.31384e+06,3.00938e+06,6616.1,4540.3,709.2,720.6,571342
434830,440754,1010.24,878057,931095,13351.3,12719.1,1.19543e+06,1.10034e+06,6036.7,3871.6,706.7,683.9,571417
540571,562032,984.898,1.25285e+06,1.29346e+06,32527.3,30553.7,2.75023e+06,2.43776e+06,5032.9,3267.6,560.9,615.9,571487
1.0727e+06,995989,1102.87,1.75748e+06,1.60321e+06,39649.1,35411,2.63159e+06,2.19908e+06,7041.4,4717.8,594.8,675.5,571498
514428,557567,944.784,1.41712e+06,1.43447e+06,19434.6,18750.3,2.17189e+06,1.95242e+06,5570.9,3902.7,808.3,795.8,571531
505524,513539,1008.02,1.28428e+06,1.35699e+06,33759.4,31551.8,2.20765e+06,1.92832e+06,6835.4,4109.3,515.7,584.9,571562
542142,563722,984.803,1.36062e+06,1.37456e+06,37630.1,36103.1,2.18926e+06,1.95076e+06,6318.4,3981.9,606.3,716.8,571565
469499,502843,956.103,1.4842e+06,1.56111e+06,41020.6,40795.4,3.3505e+06,3.07709e+06,6599.2,4305.6,554,702.8,571585
450894,464828,993.312,927905,996395,24492.1,23389.2,2.01808e+06,1.87061e+06,3596.7,2509.9,338.8,478.9,571604
598517,630674,971.79,1.31387e+06,1.29366e+06,43993.4,40847.1,2.70481e+06,2.3511e+06,7331.7,4749.6,1094.4,962.6,571636
1.12579e+07,2.27689e+06,5063.13,1.63827e+07,5.40723e+06,33082.9,9470.7,133839,38944,44912.4,12516.9,5273.3,1726.2,571648
518756,533495,995.722,267208,281055,2936.1,2762.8,302280,275357,1176.4,1036.9,-25.3,572.3,571661
685813,665266,1055.63,1.60077e+06,1.60415e+06,41401.4,36717.5,3.1421e+06,2.61634e+06,11538.3,6657.9,1326.5,896.9,571677
579531,599538,989.83,809398,784808,16278.8,14961.5,1.0903e+06,947822,2806.1,2175.2,387.1,502.5,571695
443478,448080,1013.48,593120,603576,12656.6,12081.3,1.39798e+06,1.25965e+06,3598.1,2492.3,665.4,502.5,571715
465412,476581,1000.01,993786,1.04397e+06,28939,26952.4,2.08774e+06,1.83918e+06,6699.8,4085.2,812.7,918,571743
1.4706e+06,865413,1740.1,2.61395e+06,1.7903e+06,64881.2,35218.3,6.30227e+06,3.7508e+06,13850.1,6780.9,1378.1,1146.2,571825
511079,551075,949.684,1.2408e+06,1.28943e+06,39124.4,37671.6,2.7467e+06,2.55598e+06,6787.1,4390.4,644.9,777.2,571841
502743,533661,964.682,1.00281e+06,1.01793e+06,16613.8,15776.5,1.60987e+06,1.46909e+06,7083.3,4425.9,594.8,803.1,571841
496846,513673,990.456,1.36681e+06,1.44511e+06,34906.7,33582.2,3.02333e+06,2.72413e+06,5612.6,3803.4,892.7,854.1,571877
516956,531956,995.132,322082,338592,6751,6234.3,512234,458999,1538.5,1453.1,451.7,453,571913
411156,428362,982.871,925462,964615,24525,23673.6,2.0175e+06,1.83578e+06,6034.7,3545.8,1000,611.8,572011
839571,632690,1358.84,2.03705e+06,1.56174e+06,38731.6,28126,3.83759e+06,2.74882e+06,14311.8,7758.9,1574.1,1145.6,572068
426576,428379,1019.7,976428,1.03313e+06,26377.5,24894,2.50269e+06,2.2125e+06,5759.8,3746.8,956.7,750.7,572199
414336,418820,1013.04,465943,487154,13668.5,13224.2,1.22931e+06,1.13463e+06,4478.7,2924.7,568.4,436.4,572212
420146,435023,988.995,655178,703080,22573,21570.7,1.67153e+06,1.53848e+06,4811.7,2883.2,403.3,544.3,572242
497736,522274,975.893,626918,614175,8116.2,7302.8,649944,574433,2564.7,1688.5,277.4,461.1,572251
716045,727667,1007.65,1.64025e+06,1.58186e+06,45574.8,39856.2,3.48051e+06,2.88193e+06,11479.8,7486,1173.3,1039,572433
504398,534120,967.017,1.04129e+06,1.06046e+06,28126.9,26850.9,2.353e+06,2.15951e+06,5590.8,3862.1,463.6,557.6,572505
516536,542497,974.997,1.17294e+06,1.21599e+06,28492.6,27272.8,2.35934e+06,2.13512e+06,4399.5,3185.8,644.2,500.8,572527
448056,456876,1004.24,479830,504019,17668.4,17201.7,1.42923e+06,1.32178e+06,3130.9,2212.1,584.9,697.2,572551
486683,500202,996.326,1.38251e+06,1.46478e+06,27958.4,26715,2.36645e+06,2.12027e+06,4525.4,3170.7,472.9,621.4,572553
518475,546554,971.395,1.50627e+06,1.55979e+06,39708.2,37984,3.18648e+06,2.83847e+06,6108.6,3818,748.7,693.8,572564
492295,528768,953.365,1.01688e+06,1.0555e+06,14073.7,13793.8,1.29185e+06,1.19348e+06,7495.5,4955.3,873.2,788.5,572572
432639,444800,996.002,838135,889890,10886,10110.5,1.18468e+06,1.09198e+06,5632.4,3415.6,597,702,572590
234595,260440,922.38,1.23865e+06,1.37314e+06,1406.6,1754.4,3697.6,4533.8,3666.8,2369.3,-59,556.8,572689
523398,541755,989.307,460481,471951,11507.9,10430.6,747804,656840,2007.2,1260.5,220.2,396.6,572715
533493,548457,996.061,874526,931018,38497.1,35849.3,2.56401e+06,2.24757e+06,6552.4,3960.3,969.7,686.1,572811
1.00025e+06,1.00446e+06,1019.71,2.08942e+06,2.0542e+06,72431.8,66218.3,4.59919e+06,3.92926e+06,13488.6,8164.7,1229.4,1019.3,572828
424055,442998,980.224,938535,984702,17167.9,17007.1,1.5082e+06,1.39971e+06,6748.1,4215.2,719.4,817,572829
455634,439543,1061.51,79219,71384.2,579,900.6,373.4,1404.4,289,509.1,113.4,378.5,572878
953108,951980,1025.22,2.24245e+06,2.31559e+06,49114.8,46005.7,3.74309e+06,3.29284e+06,14040.3,8571.3,1790.8,1487.9,572934
1.01666e+06,976195,1066.45,2.30703e+06,2.12772e+06,42215,36179.3,4.05927e+06,3.40385e+06,12382.4,7605.9,1428.7,1187.3,572995
501917,540107,951.6,959796,986665,18289.9,17152.4,2.04844e+06,1.86394e+06,5907.8,3868.2,787.6,807.4,573047
495913,532564,953.536,960948,992716,16596.1,15827.6,1.39907e+06,1.27142e+06,5454.7,4024.2,827.7,789,573167
498236,540762,943.474,1.01873e+06,1.02568e+06,22947.6,22610,2.21368e+06,2.03435e+06,5932.7,4010.4,768.2,654.9,573229
470797,489870,984.142,1.37548e+06,1.44285e+06,14505.3,14008.2,1.51926e+06,1.39062e+06,6560,4042.8,682.1,664.9,573311
506673,531112,976.895,698836,691253,11601.8,11203.1,1.06689e+06,952762,3664.8,2347,472,430.3,573367
433318,448831,988.62,911278,968403,20060.8,19276.7,1.59204e+06,1.46629e+06,6223.3,3883.4,782.3,650.3,573413
240600,272096,905.493,375542,400899,1120.7,1075.4,4635.7,4616.5,7396.5,4983,1392.4,1031.5,573496
717727,731151,1005.21,1.47394e+06,1.45748e+06,36209.5,32108.3,3.37573e+06,2.89863e+06,10825.4,6713.8,1089.3,1027.1,573517
459313,492608,954.803,1.02858e+06,1.0705e+06,17565.8,17266.3,1.28447e+06,1.17574e+06,6360.3,3941.7,831.1,760.6,573555
853615,696865,1254.33,2.39809e+06,2.0687e+06,81542.6,67543.3,6.57661e+06,5.24337e+06,13624.9,7557.7,1863.1,1272.7,573592
179722,221004,832.737,352560,381480,3635.9,4032.2,14397.5,15368.9,834,952.8,542.4,608.3,573598
590274,616763,980.025,1.6903e+06,1.71536e+06,3126.6,3198.6,9498.5,9733.5,3948.9,2843.2,200,509.9,573622
505189,537411,962.608,1.07304e+06,1.08881e+06,31101.6,30420.3,2.31115e+06,2.12066e+06,6127.1,4115.1,1137.1,756.7,573749
539988,557358,992.097,1.01112e+06,1.02042e+06,25178,23661.6,1.99883e+06,1.75579e+06,3392.1,2527.3,407.3,639.1,573945
469763,485218,991.387,796106,863199,22970.4,23034.1,1.48491e+06,1.37269e+06,4339.9,3035.5,397.1,502.1,574421
1.58897e+06,1.06276e+06,1531.02,1.96718e+06,1.36339e+06,42609,29178.9,3.34274e+06,2.22477e+06,9085.8,5099.4,926.8,969.8,574503
325649,342995,972.22,819216,852195,2736.1,2879.4,8398.2,8765.3,1969.4,1415.8,82.6,314.3,574522
501654,532270,965.111,986472,1.02393e+06,23858.1,23207.7,1.57149e+06,1.42094e+06,5946.6,4133.9,830.1,805.1,574604
428806,444556,987.73,982435,1.0436e+06,29238.1,28840.9,2.38012e+06,2.20824e+06,5260.5,3217.1,772.8,565.6,574619
478353,501317,977.102,1.4607e+06,1.54626e+06,29580,28398.2,2.21182e+06,1.97474e+06,5468.8,3602.1,788.8,500.8,574688
1.10696e+06,986058,1149.55,2.32037e+06,1.94439e+06,81050.3,66797,5.31367e+06,4.10543e+06,12686.2,7442.5,1703.3,1190.4,574717
478426,499208,981.385,1.38067e+06,1.44784e+06,39182.3,37540.3,3.04405e+06,2.70615e+06,5239.4,3346.7,595.6,598.4,574721
768961,782540,1006.24,1.85011e+06,1.78183e+06,65431.5,56007.4,4.68949e+06,3.78629e+06,15338.3,9644,2138.4,1436.9,574781
454658,475275,979.584,1.30611e+06,1.35058e+06,23828.9,21959.9,2.68439e+06,2.38894e+06,6158.2,3836.3,320.9,714.3,574784
756972,771563,1004.64,1.59507e+06,1.5421e+06,44906.3,40978.3,3.42945e+06,2.98942e+06,11318.6,7138.7,1472.2,1218.3,574824
509897,539146,968.45,1.07723e+06,1.09556e+06,14305.5,13155.1,1.40718e+06,1.23712e+06,5607.1,4273.3,958.4,755.2,574864
861387,833792,1057.89,1.16189e+06,1.07519e+06,26838.9,22899.6,2.06803e+06,1.66582e+06,5078,3489,511.5,594.8,574901
1.18115e+06,927792,1303.64,1.76815e+06,1.39868e+06,94286.2,74655.4,6.78752e+06,5.1613e+06,14065.1,8066.7,1824.1,1248.1,574910
464631,478913,993.464,804485,858704,27236.2,26519.6,2.17798e+06,2.01613e+06,6200.1,3855.6,792.5,679.1,574983
506788,530697,977.87,636939,626987,13983,12272.8,1.10268e+06,966073,1959.2,1539.7,389.9,502.2,575025
454361,482173,964.945,1.10339e+06,1.16305e+06,15347.6,15272.2,1.49839e+06,1.39988e+06,5970.1,3773.9,713.7,702.2,575080
514126,533364,987.074,420885,434987,8663.6,8118.1,623869,556461,2018.4,1712.4,45.3,384.5,575082
210984,201187,1073.88,209185,216393,1783.8,1848.2,42721.8,41349.5,8481.5,5451.4,1621.8,1114.6,575138
425814,447976,973.34,985738,1.02918e+06,24094.4,23160.5,2.08829e+06,1.93851e+06,7801.6,4402.2,609.5,706.9,575157
666614,690357,988.789,1.6276e+06,1.62599e+06,35690.9,32729.2,2.76476e+06,2.41776e+06,9236.2,5704.5,880.2,935.6,575286
505220,531040,974.211,949540,973815,9190.4,8691.3,1.05013e+06,952470,5326.5,3526,539.8,535,575398
492289,503624,1000.97,1.37348e+06,1.45651e+06,44012,41972.9,2.75094e+06,2.45676e+06,5498.6,3746.9,767.8,749.2,575401
548373,571052,983.338,715467,717346,12567.6,11824.8,1.0305e+06,890078,2036.9,1507.9,397.3,726.1,575450
524991,573737,937,1.41349e+06,1.42606e+06,29620.3,28802.5,2.84355e+06,2.57979e+06,5768,3786.2,671.3,559,575500
473878,491513,987.261,1.22869e+06,1.3087e+06,9585.1,8861.5,656331,588671,3885,2660.6,459.5,599.4,575507
504174,548626,941.034,1.13388e+06,1.15637e+06,26704.1,26381.8,2.48137e+06,2.2935e+06,5583.4,3808.3,674.2,807.9,575563
459841,487660,965.592,1.0749e+06,1.13103e+06,30056.4,29542.8,2.55135e+06,2.38613e+06,6507.8,4239.8,900.2,854.6,575569
454372,462260,1006.53,559095,587976,24783.3,23827.8,1.60717e+06,1.43844e+06,5171,3235.7,660.4,580.8,575614
497262,530524,959.805,1.0816e+06,1.10533e+06,15464.3,14565.9,1.47745e+06,1.36321e+06,5816.3,3434.6,796.9,643.6,575632
262404,269094,998.562,2.35135e+06,2.35065e+06,1595,1595.4,4811.4,5084.6,2759.1,2367.9,56.4,353.2,575674
516198,534688,988.588,588542,601784,14026.9,13281.7,1.09838e+06,986134,2945.4,2209.1,389.7,668.3,575679
516145,535696,986.627,454533,470113,13360.1,12636.2,799692,710756,2146.6,1738.6,316,553,575693
436039,445703,1001.81,495366,529741,15796.2,15443.4,1.45214e+06,1.32658e+06,4736.4,3171.5,747.7,616.7,575729
520909,526826,1012.5,313893,325420,4259.4,4085.1,386604,348062,1841.2,1307,423.9,488.3,575767
474376,481967,1007.89,271509,277519,10234.5,9709.3,1.13374e+06,1.00564e+06,3226.4,2119,476.5,722.7,575769
519347,543002,979.394,992394,981881,15755.2,15447.8,1.24712e+06,1.10209e+06,2485.9,2026.7,95.3,322.8,575799
526127,554237,972.073,1.27094e+06,1.29545e+06,44970.4,42010.5,3.6596e+06,3.18701e+06,6846.6,4400.8,870.9,939.9,575805
437319,438571,1021.08,735380,791501,33721.1,32862.9,2.25238e+06,2.0723e+06,4599.9,2758.4,571.3,528.8,575865
514952,537319,981.386,1.24369e+06,1.29747e+06,22479.4,21591.9,1.80918e+06,1.64581e+06,5179.9,3820.6,574.1,657.4,575961
467264,482805,991.048,636069,689333,14813.8,14946.3,1.1775e+06,1.09726e+06,4212.5,2766.6,619.8,772.9,575995
508767,531204,980.755,1.08492e+06,1.13105e+06,20124.5,18788.3,1.73313e+06,1.58194e+06,4867.6,3039.4,602.4,716.2,576030
492404,522798,964.479,744435,740728,26564.9,24695.8,1.90183e+06,1.70929e+06,3956,2763.7,394.1,534.1,576034
474655,498628,974.775,1.03589e+06,1.08912e+06,28170.4,28171.6,1.78474e+06,1.67568e+06,6973.8,4361.8,788,837.2,576045
454765,473022,984.49,1.44852e+06,1.53767e+06,28640.9,27999.2,3.19929e+06,2.91562e+06,5421.1,3445.5,754.2,538,576060
448037,357586,1283.03,1.18402e+06,1.07085e+06,1477.2,1285.2,3189.9,2470.8,2413,1477.1,363.1,509.3,576093
764592,769480,1017.5,1.59684e+06,1.54081e+06,59687.2,54837.3,3.97995e+06,3.43949e+06,11027.4,7266.8,1020,1182.5,576103
514482,549528,958.694,1.10636e+06,1.14873e+06,32436.8,31274.8,2.7105e+06,2.47777e+06,4718.7,2981.1,684.6,865.7,576144
498623,532878,958.184,864442,880373,16843.6,15840.2,1.40759e+06,1.27332e+06,5298.3,3622.3,737.3,959.6,576148
433658,438121,1013.57,459674,483654,9047.4,9151.1,816663,755879,3663.6,2428.1,462.7,630.7,576160
1.04066e+06,752639,1415.88,2.29533e+06,1.6555e+06,49697.2,33904.6,4.43078e+06,3.02006e+06,9854.6,5935,1086.5,782,576192
439892,438125,1028.14,512968,533342,12132,11780.1,914234,844654,4075.1,2583.5,547.6,602.9,576202
507939,529812,981.731,282599,295628,4822.3,4666.3,407542,369437,1019.3,1158.2,177.1,445,576433
497536,537312,948.195,1.08089e+06,1.10178e+06,22321.1,21602.4,1.72304e+06,1.58703e+06,5578.2,3803.4,371.5,534.7,576452
495696,519141,977.763,666971,652482,11521.1,10899.6,868551,772014,3034.9,2223.7,443,462.5,576481
500897,529390,968.896,1.09811e+06,1.11518e+06,25629.6,23584.3,1.94519e+06,1.70772e+06,6506.6,4257.3,571.9,793,576515
541920,569211,974.908,1.32828e+06,1.35016e+06,19848.8,18465.5,1.81048e+06,1.58637e+06,4766.9,3261.1,389.5,572.5,576542
470674,489961,983.693,1.28917e+06,1.35789e+06,20860.4,19352.5,1.56052e+06,1.40213e+06,7369.5,4622.2,1041.5,861.9,576551
500983,536244,956.673,747041,747076,13531.6,12595.8,1.07773e+06,961271,3013.3,2204.8,540.2,416.6,576564
526592,552662,975.705,1.373e+06,1.41754e+06,38664,36993.5,2.48579e+06,2.22837e+06,5189.5,3345.8,478.3,667,576578
432121,439008,1007.93,738298,791365,17878,17539,1.22745e+06,1.13e+06,4880.8,2971.6,801.2,634.1,576593
496348,485083,1047.79,1.02795e+06,973346,3708,3275.8,92013.2,67671.5,2499.3,1888.6,286,615.2,576682
536987,559323,983.111,900127,874087,22617.3,21193.1,1.49781e+06,1.29866e+06,2137,1776.5,188.3,489.4,576694
424414,423116,1027.15,209682,219513,5082.2,5001.8,553176,492430,1525.7,1205.7,163.1,381.5,576696
278719,273158,1044.87,19280.2,18639.1,214.1,456.4,367.1,774.5,-91.5,397.8,0.2,294.5,576699
787215,768321,1049.18,368895,377521,12536.2,10916.9,898583,745485,1956.4,1794.5,144.7,392.6,576724
245702,264863,949.944,972433,1.04849e+06,998.5,1416.5,3450.6,3210.8,1746.2,1439.3,134.2,487.5,576808
389432,423388,941.882,699156,674796,12375.9,11909.9,1.04947e+06,933321,4396.3,2950.9,679.7,588,576825
500542,513501,998.165,1.36009e+06,1.4428e+06,35028.3,33304.7,3.31886e+06,2.97447e+06,5486.6,3474.6,470.2,546.7,576841
522030,560025,954.528,1.59435e+06,1.65496e+06,24137.1,22393.8,1.9898e+06,1.80585e+06,6027.9,3763.9,483.5,748.6,576872
527776,562106,961.463,1.47738e+06,1.52602e+06,35450.7,33994.4,2.91143e+06,2.60322e+06,5874.1,4038.8,951.8,717.3,576887
448451,454359,1010.7,583990,629068,30947,30382.8,2.71419e+06,2.52043e+06,4428.7,2997.7,637.7,673.9,576918
394783,388863,1039.61,149346,145901,19772.1,19268.3,974371,855250,1788.1,1393.1,295.8,446.1,576937
552045,551814,1024.44,621262,580392,13383.8,11969.5,1.07012e+06,904207,3296.7,2662.8,752.8,598.7,576972
391712,387069,1036.3,241864,255952,2819.2,2688.2,279823,246967,2454.8,1600.1,238.8,459.8,576976
411861,451029,935.085,491627,494711,15849.9,15019,1.17307e+06,1.06367e+06,4319.7,3196.7,503.3,650.3,576987
389927,416124,959.542,518196,484465,5634.2,5423.3,540286,473195,3476.7,2468.9,258.2,424.9,577001
1.10749e+06,967669,1171.97,2.98941e+06,2.67966e+06,171613,150430,1.64163e+07,5.68736e+06,20450.1,11028.4,3443.4,2156.3,577019
503931,551784,935.207,1.00598e+06,1.018e+06,25321.1,24124.6,1.81337e+06,1.63435e+06,5013.1,3587.9,544.2,754.6,577020
378734,412776,939.551,543859,537132,20298.8,18995.8,1.54962e+06,1.37103e+06,4580.6,3448.7,603.9,628.5,577054
683401,554698,1261.6,1.13648e+06,887379,27928.3,21647.1,2.71402e+06,1.99123e+06,8749.1,5661.8,727.2,838.9,577070
384579,375269,1049.42,417300,424684,18425.2,17508,1.59246e+06,1.4289e+06,2850.4,1704.6,461.2,575.3,577079
484404,494702,1002.69,842790,897723,28945.2,27855.5,1.97918e+06,1.81591e+06,5657.1,3344.5,1035.3,624.8,577096
810199,616394,1345.97,2.37542e+06,1.8534e+06,53483.4,39703.3,3.90344e+06,2.83715e+06,12134.7,6577.2,1224.9,956.5,577123
416324,435559,978.793,709065,680546,16824.1,15543.3,1.46164e+06,1.30402e+06,4881.5,3730.7,462.8,987.9,577146
529518,566384,957.361,1.49452e+06,1.52559e+06,21841,21034.3,1.69485e+06,1.51613e+06,6153.1,4231,611,605.3,577149
380443,424154,918.475,414346,413516,7561.5,7026.9,689882,619549,4639.4,3240,543.1,618.1,577151
425781,421483,1034.45,432743,407335,5722.7,5473.9,628220,539544,1030.6,891.8,67.3,361.1,577199
511602,560228,935.127,805105,800732,27775,25848.3,2.12992e+06,1.86317e+06,7875.7,5244.9,948.7,836.8,577214
529537,550764,984.54,1.04654e+06,1.03617e+06,23452.4,21823.6,1.5281e+06,1.31471e+06,3313.7,2366.7,109.2,340.4,577246
399394,394602,1036.44,108161,107858,3542.4,3793.8,384508,338568,1338.7,1168,-97.7,308.8,577254
192836,215820,914.963,96163.9,99395.9,630.5,730.6,3024.1,2240.2,41.1,619.4,100.4,355.1,577256
520885,525414,1015.18,90622.5,92197.9,1801.5,2330.8,164568,144296,514.2,419.9,10.3,367.1,577265
1.36761e+06,846518,1654.36,3.17316e+06,1.93397e+06,81419,48877.7,7.26998e+06,4.24631e+06,27711.6,15033.2,3645.9,2221.5,577269
430285,450100,978.929,834004,895518,21436.8,20757.9,1.74552e+06,1.65045e+06,6872.3,4598.7,880.5,927.4,577290
415560,415706,1023.64,70430.9,69593.6,4459.8,4406.1,343237,298375,676.1,613.3,-179.2,226.2,577318
448653,442313,1038.68,37818.8,35567.5,1113,1282.7,125702,107755,86.3,568,-14,264.5,577321
528686,529603,1022.23,35195.6,32728,-97.2,331.7,37144.3,32255.6,8.4,408.1,138.2,379.4,577346
484820,487191,1019.03,514774,490896,9716.9,8906.7,672229,576342,1387.8,1152.3,263.3,641.3,577360
319398,341777,956.951,476349,461584,9569.3,8483.3,977383,853120,2631.9,2045.7,438.6,558.2,577394
477371,491362,994.845,684708,743078,11568.2,11516.6,1.28257e+06,1.18596e+06,5023.5,3402.7,742.1,613,577411
550629,563624,1000.39,348423,365196,6103.3,5782.8,574109,502177,1191,1145.4,112.9,407.2,577428
1.0266e+06,606390,1733.62,1.34249e+06,745255,40009.7,19213.7,3.85075e+06,1.92308e+06,12330.7,5408.5,1261.6,741.1,577445
394096,411364,981.023,545784,516293,10297.2,9420.5,1.08759e+06,954306,2382.8,2095.7,262.4,525,577450
447154,496911,921.475,560609,566155,11085.3,10142.4,1.15103e+06,1.03781e+06,3073.8,2405.7,237.9,403.3,577487
439884,452499,995.459,904660,967265,31072.4,30507.2,2.23058e+06,2.05932e+06,6270.8,3878.2,807,782.1,577496
501858,527505,974.214,882419,863015,13033.7,12130.1,1.03213e+06,902992,2522.4,2067.7,360.5,424.4,577513
499265,529503,965.536,1.11847e+06,1.18195e+06,33263,33206.6,2.72434e+06,2.56018e+06,6105.1,4174.8,1038.9,814.5,577523
446222,445114,1026.55,362080,342890,5787.8,5221.7,521424,452754,822.3,975.4,122.8,261.8,577527
152805,133587,1171.34,189048,158707,1.20528e+06,1.04004e+06,1.79464e+07,5.68473e+06,1095,1000.4,5293.1,3489.4,577534
181860,223640,832.694,369263,396319,4021.6,4399.5,15417,16213.8,1475.9,1257.2,793.5,813.4,577551
616854,623184,1013.6,1.04057e+06,977269,32206,28333.6,3.01758e+06,2.49931e+06,5863,4140,728.2,554.7,577553
499016,544381,938.675,1.12756e+06,1.16371e+06,18579.9,17928.9,1.41702e+06,1.30807e+06,5544.5,3912.6,615.3,628.1,577592
378185,368096,1052.09,199497,203552,11994.6,11480.8,772445,682221,2262.3,1614.9,214.3,386.9,577594
513755,527691,996.962,282478,291198,5805.6,5248.1,429386,384245,1246.1,1140.2,216.4,481,577618
503502,547402,941.881,971159,968999,21274,19800.4,1.61715e+06,1.45851e+06,7315.3,4895.6,762.2,669.2,577623
521840,573056,932.481,1.26923e+06,1.29505e+06,23366.3,22439.1,2.15639e+06,1.9338e+06,6809,4664.8,812.1,764,577656
458286,499758,939.034,568809,567321,11224.5,10794.9,1.02071e+06,926082,5464.5,3722.4,640.2,796.6,577683
522056,532238,1004.42,295286,299591,2756.8,2635.4,346181,302611,887.4,758.1,-80.3,367.8,577695
1.42424e+06,566570,2574.13,1.74122e+07,5.65883e+06,12514.3,5809.7,46041.6,19290.9,32574.7,11883,2510.6,1008.3,577715
1.33332e+06,1.17108e+06,1165.87,1.85759e+06,1.52116e+06,51327.3,41068.1,4.81943e+06,3.76003e+06,16145.7,10229.3,1792.9,1464.2,577768
374195,372892,1027.59,917455,963487,18322,17409.5,1.43185e+06,1.32377e+06,5686.8,3347.3,699,638.1,577772
349125,321116,1113.33,624068,649936,18516.3,17137.6,1.26525e+06,1.10138e+06,4286.2,2823,493.9,550.7,577784
499799,535989,954.868,1.01597e+06,1.04854e+06,13445,12891.6,1.29783e+06,1.18569e+06,5843.5,3830.6,509.1,733.1,577793
1.20059e+06,980040,1254.46,5.62943e+06,5.0452e+06,44652.7,33962.5,2.84757e+06,2.07183e+06,21275.1,11889.5,2050.8,1307,577804
443521,455754,996.518,726875,686682,17704.4,16311.2,1.22804e+06,1.03574e+06,1826.3,1666.1,23.7,456.6,577828
473684,489208,991.505,1.43902e+06,1.50507e+06,45454.8,44121.8,2.8279e+06,2.5704e+06,5894.4,3492.2,623.1,547.9,577859
892101,723315,1262.96,1.20768e+06,940114,18438.2,13680.1,1.44939e+06,1.05575e+06,4102.1,2880.6,486.9,672.9,577886
490671,497898,1009.14,248158,248052,5091.9,4851.9,469334,416167,1817.7,1132.1,221.8,474.6,577903
503414,530648,971.46,665649,644807,17453.4,16179.9,1.13648e+06,988726,2511.1,1896,323.4,467,577922
482419,507762,972.894,920483,974218,20624.5,19880.9,1.44172e+06,1.33245e+06,6739.8,4467,1152.8,916.4,577943
735957,435422,1730.8,1.90961e+06,1.27338e+06,54423.9,32337,3.51344e+06,2.08275e+06,11080.8,5865,1493.6,873.1,577946
543850,555543,1002.46,596330,603952,17057.7,15326.7,1.16754e+06,1.00039e+06,3302.6,2695.5,319.4,552.4,577955
473573,502801,964.475,962981,959876,27064.9,26737,2.08651e+06,1.88731e+06,4692,3638.3,522.1,593,577956
285657,244256,1197.56,1.58097e+06,1.4587e+06,2823.2,2036.2,8639.8,6962.5,4127,2470.8,280.2,557.7,577981
414135,425644,996.321,935752,998636,23402.8,23127.1,2.09089e+06,1.96333e+06,6249.4,3658.1,584.8,567.6,577998
515508,493236,1070.25,480871,481932,19335,17879.6,1.85233e+06,1.61609e+06,5232.8,3266,883.1,900.6,578028
538442,563965,977.665,865180,859153,24004.1,22446.2,1.46759e+06,1.28031e+06,2322.7,1540.5,202.5,715.6,578038
359353,336651,1093.06,1.23916e+06,1.29138e+06,15004.9,14440.4,1.28052e+06,1.14418e+06,5331.3,3221.7,219.9,533,578043
635175,491978,1322.05,5.39508e+06,4.45046e+06,6728.9,5261.5,27579.1,21379.9,13125.8,6931.6,679,607.9,578049
1.0238e+06,785318,1334.97,1.06229e+06,765055,46535.3,33338.4,3.65744e+06,2.57087e+06,10859.3,6165.3,1450.6,1198.4,578060
507605,525166,989.769,526843,512294,8791.4,8231.7,595389,521276,1797.2,1529.9,395.1,439.1,578081
932379,766938,1244.9,1.44076e+06,1.1526e+06,45002.8,35137.7,3.48206e+06,2.64171e+06,11438.6,7150.9,1314.7,1241.9,578121
363884,350933,1061.8,242180,248366,15585.8,15040.8,1.04277e+06,932014,2239.8,1386.6,117.7,376.1,578121
732084,488873,1533.43,2.32336e+06,1.73641e+06,12236.2,9151.5,169186,136550,9938.2,5695,1429.4,1182.7,578143
361080,348939,1059.64,252185,262100,13424.3,12806,1.00501e+06,901370,3154.4,2013.5,371.1,561.5,578157
435448,436253,1022.12,166621,163793,10922.9,10064.3,681685,585202,1068.1,862.3,174,444.2,578230
1.0448e+06,923945,1157.94,1.91039e+06,1.62689e+06,41674.3,34307.3,3.03532e+06,2.37214e+06,6198.7,3919.8,841.5,711.6,578242
1.24438e+06,1.06567e+06,1195.72,3.17137e+06,2.72061e+06,88961.4,73620.7,7.74604e+06,5.55772e+06,17971.5,10100.1,2123.8,1554.4,578245
451087,450197,1026.04,172983,177071,10334.4,9431.2,846650,751430,1553.9,1488.4,302.1,549.5,578269
482826,495798,997.22,169211,166850,13102.8,12032.4,819341,715641,1585.6,1208.7,162.6,487.9,578356
495242,536143,945.892,1.04324e+06,1.04805e+06,32908.3,31152.6,2.47691e+06,2.26719e+06,5575.6,3602.8,556.9,707.7,578369
2.12142e+06,1.01292e+06,2144.63,1.973e+07,5.6638e+06,47458.6,24868.7,85595.3,43955.7,72108.5,33105.4,4159.4,1902.1,578378
507143,519386,999.864,408161,408397,12017.4,11642.5,773008,688526,1371.7,1123.4,285.6,384.1,578386
360380,351709,1049.26,916794,960777,19745.5,19375.9,1.59345e+06,1.46585e+06,5148.2,3093.3,355,743.3,578389
432621,447203,990.615,843673,894454,21254.1,20425,1.72196e+06,1.57262e+06,5982.8,3376.2,810.3,577.4,578413
486831,493930,1009.29,599404,570435,5842.4,5058.8,527218,458476,1972.3,1396,292.2,471.7,578440
532686,545860,999.293,290545,303579,8675.6,8298.2,508541,457222,992,894.3,238.6,370.7,578445
449542,484345,950.421,800537,775479,16655.6,15677.6,1.20275e+06,1.07463e+06,5629.8,3737.1,944.6,815.7,578451
452690,477086,971.65,1.0495e+06,1.09971e+06,21600.1,21109.1,1.61633e+06,1.50269e+06,7468,4285.2,592.3,807.1,578462
470135,504442,954.361,975473,972428,25467.1,24660.7,2.20937e+06,1.99853e+06,5414.6,3447.7,968.9,970.4,578486
524279,555604,966.273,1.43507e+06,1.47386e+06,38821.2,37418.1,2.84074e+06,2.53511e+06,5211.6,3202.3,833.9,555.3,578524
723822,737935,1004.43,1.53386e+06,1.47464e+06,32486.3,29680.5,2.57669e+06,2.25895e+06,10847.5,7091.9,1063.3,740.4,578541
476422,499805,976.102,1.31592e+06,1.38081e+06,47472.8,45057.7,3.21102e+06,2.85641e+06,6460.2,4128.1,945.8,701.6,578560
1.02239e+06,903953,1158.17,2.33234e+06,1.98393e+06,78044.7,63163.1,4.997e+06,3.93328e+06,11572.1,6931.5,1669,1183.8,578562
512726,534287,982.688,753323,738112,17271.6,16132.6,1.27796e+06,1.10351e+06,2996.6,2377.5,226.5,373.5,578564
598819,609417,1006.19,452201,474476,8028.3,8135.8,789632,697335,2250.9,1630.7,335.3,579.7,578572
445213,479733,950.325,774598,748634,22946.5,21283.4,1.90663e+06,1.70187e+06,5312,3713.7,822.2,672.9,578575
1.36018e+06,948870,1467.89,4.74241e+06,3.76689e+06,103538,76158.6,8.21074e+06,5.48825e+06,24092.1,12752,3040.7,1877.9,578601
423648,431990,1004.24,1.15149e+06,1.19948e+06,24690.3,23917.4,2.08345e+06,1.9068e+06,5355.6,3268,617.4,648.3,578624
805131,619492,1330.86,2.10559e+06,1.62982e+06,49991.6,36598.2,3.70324e+06,2.62449e+06,10453.7,5840.3,1010.4,917.4,578632
496760,535311,950.266,1.00385e+06,1.01032e+06,27002.5,26486,2.14025e+06,1.95479e+06,6150.9,4027.2,627.3,684.5,578647
486771,504651,987.725,539275,515195,6427.2,6226.9,505814,439270,2079,1416.2,7.6,438.6,578648
501612,533297,963.162,1.08371e+06,1.12374e+06,24552.1,24390.6,1.814e+06,1.687e+06,6637.1,4179.6,757,722,578667
186008,224629,847.96,215227,229685,3077.6,3234.6,12428,12432.1,1053.2,772.7,458.4,470,578696
400119,393746,1040.58,294164,308954,19754.5,19339.9,1.33277e+06,1.19958e+06,2352.5,1718.1,497.7,764.1,578702
479180,508611,964.753,980848,998449,23107,22278.3,2.14074e+06,1.96933e+06,7653.2,4992.2,668.7,673.6,578730
189070,213009,908.92,254367,262446,1385.8,1824.4,5372.8,6792.5,359.6,581.9,298.3,552.2,578796
445490,451688,1009.96,154305,157320,10800.9,10142.1,675080,601578,2044.8,1456.4,576.3,469.2,578910
964634,813653,1214.02,1.92545e+06,1.56521e+06,50566.4,38832.6,4.00787e+06,2.99332e+06,11842.5,6794.6,1119.9,1014.5,578957
406586,396135,1051.03,476675,489894,25503.4,24918.5,1.47255e+06,1.3453e+06,3630,2215.7,596.1,601.7,579036
477907,503486,971.987,1.00129e+06,1.04576e+06,21963.8,21193.9,1.92433e+06,1.78178e+06,6844.8,4275.3,833.7,778.5,579049
683779,668399,1047.57,1.69355e+06,1.73685e+06,33998.3,31369.2,2.51003e+06,2.13751e+06,11845.1,6896.4,1478.3,1232.5,579091
754964,568618,1359.59,1.18645e+06,932547,36484.7,26916,2.64776e+06,1.91147e+06,9380.3,5157.2,911.4,698.6,579196
511074,527211,992.662,800273,818474,16496.8,15998.1,1.15009e+06,1.03602e+06,4129.5,3052.2,559.2,624,579201
384186,385990,1019.23,651786,694898,16675,15667.6,1.58124e+06,1.4367e+06,5918.2,3528.8,749.4,801.4,579238
489914,520136,964.517,1.08645e+06,1.12494e+06,23826.7,22912,2.13809e+06,1.96905e+06,6605.8,4149.8,739.8,623.6,579285
501570,537893,954.859,1.15076e+06,1.1645e+06,9852,9792.4,750050,683686,5821.6,4030.5,783.3,776.3,579294
449068,451948,1017.48,398194,413317,22131.1,21326,1.4494e+06,1.33049e+06,3107.2,2309.2,183.7,303.5,579384
439941,450204,1000.67,509301,548884,20909.9,20767.5,1.36155e+06,1.26251e+06,3756.9,2701.3,352.8,539.8,579395
515203,528661,997.942,624452,602941,9618.5,8463.1,730290,636533,2686,1911.8,434.2,465.9,579453
828494,796548,1065.07,1.54121e+06,1.51223e+06,48252.7,40952.3,3.54703e+06,2.82278e+06,9648.6,5857.6,1189.1,1137.9,579475
810776,811321,1023.31,1.71461e+06,1.70467e+06,42073.1,37476.9,3.49078e+06,2.98315e+06,14903.3,9078,1691.3,1179.3,579513
164802,197392,854.932,317754,358182,3756.6,4481.3,15436.8,18142.1,972.7,929,674.4,830,579531
521836,534805,999.175,615502,605782,11005.6,9921.9,684580,578649,2592.4,1849,99.4,323.6,579537
170799,185806,941.322,296979,324550,3222.6,3742.8,11211.2,13376,1359.9,1484.8,614.2,808.2,579552
494640,545700,928.192,1.06355e+06,1.11079e+06,26500.8,26066.9,2.2274e+06,2.07615e+06,6569.8,4437.8,642.6,586,579563
802309,627307,1309.67,1.7873e+06,1.44776e+06,52090.8,39233.8,3.59269e+06,2.64197e+06,12049.4,6486.3,1400.4,1071,579585
472232,492255,982.36,964298,993988,15804,15133.6,1.40633e+06,1.29478e+06,7392.5,4527.4,750.7,831.6,579640
396493,393240,1032.49,635910,683785,17752,17938.8,1.79353e+06,1.63462e+06,5315,3075.8,867,587.2,579749
495471,513387,988.27,1.08435e+06,1.1437e+06,41202.4,38829.5,2.93615e+06,2.6114e+06,6602.2,4257,1027.3,869.8,579762
955844,839299,1166.2,1.98211e+06,1.76478e+06,5783.5,4447.8,23183.3,19061.8,7114,4366.7,1003.7,721.4,579786
486804,491838,1013.53,1.38774e+06,1.46797e+06,21124.9,20045.8,1.40389e+06,1.2515e+06,5275.9,3332.5,692.3,664.5,579857
524382,540532,993.41,543730,553944,10903.9,10264.2,657044,580081,2726.7,1942,189.2,511.5,579868
810469,638348,1300.11,1.19074e+06,989652,43535.5,34010.7,2.95204e+06,2.23025e+06,7723.7,4725.5,958.7,1087.8,580001
190507,216841,899.646,332621,356706,3506.9,3602.2,11589.8,12286.4,1181.8,960.4,826.3,733.4,580082
463382,474581,999.845,899911,987579,11942.9,11439.9,1.20376e+06,1.08692e+06,5404.5,3608.1,818.2,618,580242
741360,759696,999.295,1.56901e+06,1.5212e+06,24692.2,22906,2.49479e+06,2.2206e+06,14266.2,8861,1606.7,1038.8,580274
477889,504845,969.333,1.34533e+06,1.40017e+06,32225,31543.7,2.56858e+06,2.32353e+06,5493.5,3574.1,622.1,666.6,580287
445170,461438,987.912,951518,997738,35373.5,32890,2.35443e+06,2.07797e+06,6483,3816.2,746.2,726.1,580294
490528,524844,957.054,1.33172e+06,1.38576e+06,27050.4,26165.3,2.90447e+06,2.66405e+06,5881.5,3758.9,382.6,666.7,580511
836222,683568,1252.68,2.08323e+06,1.77293e+06,45060.6,36578.6,3.54415e+06,2.7924e+06,12062.8,6605.7,1219.9,870.4,580548
441962,460476,982.836,1.10666e+06,1.16995e+06,20999.7,20684.3,2.17007e+06,2.03029e+06,6271.1,3972.8,641.1,650.5,580680
443575,458052,991.642,899835,957464,13631.9,12946.7,1.09375e+06,1.00387e+06,6575.6,3919.4,687.5,609.5,580714
460043,479664,982.11,1.02063e+06,1.08945e+06,28332.9,27940.1,2.21724e+06,2.04162e+06,5383.1,3563.8,705.2,646.5,580777
868605,655067,1357.81,2.08924e+06,1.66811e+06,62986.7,46359,5.32138e+06,3.82618e+06,13221.7,7534.8,1840.9,1275.8,580809
439213,450925,997.413,802397,847396,17053.1,15984.4,1.55426e+06,1.41862e+06,6655.9,3917.7,766.2,676.1,580815
437300,452415,989.804,947195,984168,26985.1,26325.3,1.76653e+06,1.63065e+06,7427.7,4456.5,833.6,623.7,580890
457272,480162,975.189,1.34668e+06,1.4219e+06,35310.8,32117.4,2.47072e+06,2.00188e+06,5746.8,3762.2,613.8,510.2,580961
580544,596179,997.149,1.32677e+06,1.34276e+06,30886,27924.8,2.38867e+06,2.02811e+06,9778.5,6053.1,1002.1,958,581091
452568,463310,1000.27,1.04428e+06,1.10467e+06,28353.6,27496.7,2.62376e+06,2.40252e+06,5131.8,3201.4,522.9,532,581111
518265,532659,996.333,1.17179e+06,1.19226e+06,34914.2,32061.7,2.46214e+06,2.14308e+06,6789.1,4203.9,954.3,906.1,581123
452740,462944,1001.43,1.02174e+06,1.08139e+06,26071.5,25297.3,1.61463e+06,1.4772e+06,5105.1,3218.7,733.3,627,581366
500442,525794,974.63,931782,967957,28276.8,26956,1.82479e+06,1.66751e+06,6024.1,3746.3,1043.2,819.1,581508
473773,503136,964.253,970189,989126,17202.7,16715.9,1.22043e+06,1.12259e+06,7040.7,4536.3,813.7,593.4,581911
454372,480164,969.004,988903,1.02201e+06,16885.3,16462.1,1.49927e+06,1.38733e+06,7383.7,4756.1,873.2,633.3,582064
478159,493249,992.674,972120,1.02496e+06,31014.1,30260,2.25052e+06,2.0698e+06,5893.4,3687.8,796.9,816.5,582225
509367,532694,979.168,1.1266e+06,1.17368e+06,20704.3,19820.3,1.41944e+06,1.29784e+06,5091.9,3590.6,634.6,641.1,582448
959322,999841,982.502,1.96734e+06,1.98995e+06,53436.1,51032.4,4.17732e+06,3.83751e+06,14772,8580.2,1892,1502.3,582458
449788,479498,960.554,910207,961884,20390.3,19757.7,1.97288e+06,1.80935e+06,6939.7,4178.1,1109.6,894.7,582646
492264,519901,969.573,1.00022e+06,1.02534e+06,31229.2,30291.3,2.40956e+06,2.19085e+06,7172.8,4254,760.9,752.5,583190
534922,577959,947.76,1.91515e+06,2.03691e+06,4014.8,4386.4,14707.8,13983.5,5385.1,3662.9,597,603.3,583723
476137,498638,977.804,1.00126e+06,1.05723e+06,22228.6,21521.7,1.91216e+06,1.75429e+06,5283.7,3741.4,645.5,659.2,584366
493440,513955,983.131,985974,1.01593e+06,16043.1,15416.9,1.16544e+06,1.06077e+06,7330.5,4511,923.1,832.4,584385
516515,535611,987.497,1.04763e+06,1.07756e+06,22550.8,21376.5,2.19544e+06,1.94491e+06,6348.2,4069.3,719.7,585.4,585220
513355,545089,964.387,1.5303e+06,1.59476e+06,25695.3,24471.5,2.23431e+06,1.98424e+06,5478.4,3571.5,700.4,649.4,585510
477316,497920,981.64,918894,967397,30697.2,29315.9,2.281e+06,2.06625e+06,5165.9,3274.2,370.1,476.9,586212
716798,722053,1016.55,1.43922e+06,1.42323e+06,33994.8,29546.8,3.34557e+06,2.7823e+06,11592.8,7051.4,1265.7,1034,586487
473905,492675,984.992,852603,866094,14809.9,14005,565770,500521,4240.1,2808.6,457.1,677.1,586639
517202,530089,999.107,345431,365561,5816.5,5909.6,479057,432288,1345.4,1053.9,367.8,445.8,586819
520040,557283,955.57,1.45017e+06,1.4687e+06,35714.4,33959.4,3.06857e+06,2.73123e+06,5989.3,3621.4,848.2,799.1,586835
1.23953e+06,878124,1445.45,3.18698e+06,2.33845e+06,72029.1,48986.2,6.84577e+06,4.60774e+06,17040.3,9087.3,1855.2,1244.9,586877
544244,579761,961.268,1.44968e+06,1.47961e+06,34182.6,32802.4,2.98472e+06,2.63388e+06,5814.4,3843.8,496.5,642.2,586886
538502,569767,967.821,1.02915e+06,1.00172e+06,18449.5,16729.3,1.55133e+06,1.32956e+06,2357.8,1733.3,424.8,375.7,586900
500791,524789,977.181,725264,712915,20383.3,19355.3,1.54599e+06,1.37666e+06,3200.7,2079.7,434.8,728,586911
435842,448332,995.48,724322,780514,11291.5,11030.6,1.26829e+06,1.16888e+06,4805.4,3116.9,892.7,731.1,586913
499835,517101,989.818,338867,346514,2527.3,2691.1,313821,282361,1309.6,1277.2,48.5,326.2,587004
495514,529514,958.251,998308,995612,17878.2,17135.7,1.21977e+06,1.0757e+06,3355.2,2616.2,490.5,512.6,587066
554375,566094,1002.81,335515,353456,7194.9,6784.5,534777,469033,1358,1306.4,-38.1,431.7,587100
476311,513896,949.106,930543,931401,20799.7,19905.1,1.46252e+06,1.3063e+06,5481.7,4118.8,831.8,1022.2,587171
502921,538845,955.739,1.10836e+06,1.12104e+06,27812.7,26522.8,2.3323e+06,2.13295e+06,5227.7,3867,528.4,609.6,587193
524694,557151,964.359,1.56758e+06,1.61344e+06,50919.1,49007.9,3.3636e+06,3.02779e+06,6575.4,4031.7,802.4,673,587215
506517,533173,972.812,1.07472e+06,1.07028e+06,23978.7,22444.4,1.91511e+06,1.70957e+06,5752.5,4325,505.9,608.4,587225
509647,534727,975.985,716835,703766,15478.5,14247,1.20378e+06,1.07279e+06,2652.6,1858.8,448.1,530,587267
858071,761125,1154.44,1.99189e+06,1.77735e+06,39946,33891.4,3.08291e+06,2.50734e+06,11733.6,6628,1074.4,1049.1,587296
542879,549514,1011.64,125715,126487,944.7,1904.3,161156,142299,172.7,619.4,-204.4,238.4,587305
509223,552359,944.042,1.40634e+06,1.44529e+06,33080.8,32799.3,2.11133e+06,1.91814e+06,5841.3,3877.5,636.1,717.3,587318
511883,551651,950.185,1.20735e+06,1.28662e+06,31829.9,31689.1,2.08688e+06,1.94118e+06,5838.8,3801.5,769.4,690.4,587340
457027,465294,1005.82,1.31664e+06,1.39226e+06,20508.4,19718.1,1.40563e+06,1.26159e+06,5390.2,3097,912.6,683.2,587468
127180,162218,802.83,501783,538481,682.5,796.4,25631.3,25733.6,910.2,954.3,-44,329.9,587485
450611,484125,953.122,833650,829501,11120,10590.4,1.11072e+06,996332,5549.3,3819.3,544.9,629.5,587516
454089,483548,961.622,1.40534e+06,1.48801e+06,23830.8,22917,2.28032e+06,2.05766e+06,6750.3,3952.3,785.1,821.8,587553
472313,493942,979.172,1.30229e+06,1.36426e+06,35476.9,34437.4,2.81306e+06,2.59771e+06,6041.1,3589.5,776.4,675.9,587557
515565,530134,995.868,243791,255624,4477.9,4074,353134,319810,1753.1,1622.4,185.1,345,587568
745566,575270,1327.15,893516,692822,37538.5,27589.9,3.00774e+06,2.18699e+06,7576.5,4308.6,1298.5,981.3,587662
696454,666246,1070.44,385694,383414,24544.7,22477.9,1.84002e+06,1.60592e+06,5393.8,3899.4,519.3,563.9,587734
455401,466998,998.583,1.11883e+06,1.15036e+06,31644.8,29836.6,1.93358e+06,1.72053e+06,7480.6,4640.8,917.7,918.7,587743
1.17824e+06,1.08566e+06,1111.32,3.51249e+06,3.4236e+06,99956.2,82769,5.59697e+06,4.9607e+06,26040,13768.6,3949.4,2222.6,587763
466114,483930,986.304,947331,978401,22742.2,21687.2,2.27685e+06,2.07887e+06,6768.3,4407.6,768.3,806,587776
934962,645353,1483.53,5.62509e+06,4.51679e+06,5205.5,3865.5,20775.6,14195.5,14031,7583.9,442.5,482.8,587781
346618,335572,1057.72,560449,588366,12797.2,12148,1.05846e+06,960366,4643.5,2864.3,612.3,559,587782
1.37337e+06,1.09056e+06,1289.55,3.32643e+06,2.68499e+06,87173.4,64471.2,6.9007e+06,4.97902e+06,20759.3,11779.1,2560.6,1536,587881
539940,500156,1105.46,118397,110068,715.6,880.5,1020.1,1443.4,365,595.3,-82.8,417.1,587903
460238,474076,994.117,704727,767159,20251.5,19656.5,1.59014e+06,1.47349e+06,4854.8,3316.5,702.4,561,587939
530713,548923,990.034,1.01893e+06,1.07243e+06,43061,41010.1,2.79338e+06,2.50237e+06,7985,5273,958.9,649.6,588007
181523,210850,881.576,310343,332705,3615.2,3828.6,16583.5,16659.1,5595.4,3552.7,799.9,762.7,588106
504390,528396,977.484,1.08823e+06,1.13693e+06,11066.3,10544.3,1.1805e+06,1.07589e+06,4942.5,3215.6,479.9,773.1,588109
462258,476643,993.101,1.50331e+06,1.56665e+06,21105.5,20051.1,2.14035e+06,1.9275e+06,6284.4,3882.2,915.7,903.9,588149
500318,536075,955.701,1.04384e+06,1.06105e+06,24185.5,23087.8,1.7481e+06,1.59835e+06,5101.3,3561.9,435.2,560.3,588169
510176,538951,969.34,811148,833500,13103.5,11879.9,1.07516e+06,981796,4681.1,3433.1,379.7,580.3,588173
498676,536343,952.098,994462,1.00815e+06,28021.9,27154.4,1.93721e+06,1.77675e+06,6309.4,3960.5,576.1,571.9,588241
1.24813e+06,1.06527e+06,1199.77,8.40238e+06,5.64207e+06,135909,115438,8.31275e+06,5.60131e+06,33724.1,18902.6,2983,1811.6,588244
115272,127832,923.388,81830.2,87147.3,379.3,536.1,799.1,737,120.8,483.1,-49.1,380.1,588298
1.01468e+06,996483,1042.7,2.54897e+06,2.40874e+06,62463.4,55449.7,4.79354e+06,4.04243e+06,11911.9,7718.6,818.7,1071.1,588302
523414,546359,981.008,1.02321e+06,1.02019e+06,17351,16459.4,1.66351e+06,1.47558e+06,2709,2308.9,511.4,532.2,588417
394297,367116,1099.83,1.42605e+06,1.38661e+06,3891.3,3934.3,16038.5,14781.6,4348.7,2697.7,432.3,467.4,588435
1.63891e+06,1.15494e+06,1453.11,2.9584e+06,2.09818e+06,112476,78480.1,8.5754e+06,5.51099e+06,19130.6,10899.8,2554.9,2002.1,588464
505081,537435,962.36,1.0767e+06,1.10009e+06,39735.3,38623.6,2.62885e+06,2.41145e+06,5460.6,3734.4,659.2,638.4,588482
520017,537576,990.568,1.02637e+06,1.04649e+06,15376.8,14797.8,1.32336e+06,1.20019e+06,4071,2873.3,513.5,950.7,588726
509656,541054,964.587,1.2175e+06,1.25667e+06,19120.9,18378.8,2.01552e+06,1.82852e+06,5120.1,3613.3,504.6,626.2,588792
518272,536980,988.331,1.24461e+06,1.29511e+06,29152,28359.2,2.36748e+06,2.1372e+06,5202.9,3377,493.5,886.8,588886
511999,531163,987.06,899396,915150,12971,12609.1,1.17694e+06,1.06948e+06,4328.2,3210.7,365.9,536.5,589289
494960,519538,975.561,1.00878e+06,1.0218e+06,11984.4,11350,1.13518e+06,1.03184e+06,5483.5,3553.3,593.3,683.9,589388
474810,506367,960.195,966541,978862,35003.9,33744.2,2.22887e+06,2.01866e+06,7606,4993.5,860.6,926.2,589581
446011,462913,986.614,774322,831490,22638.4,21866.8,1.56986e+06,1.42535e+06,4898.6,3574.4,702.2,761,589852
517457,549473,964.336,1.42547e+06,1.46319e+06,39200.4,38575.1,3.15018e+06,2.84748e+06,6180.4,3821.6,458.9,466,589853
806676,626638,1318.21,2.00945e+06,1.61176e+06,33618.7,25986.9,2.826e+06,2.14621e+06,12869.3,7019.2,1586.8,1197.2,589868
505707,535474,967.079,1.13438e+06,1.14935e+06,21775.6,20458.3,1.6103e+06,1.4395e+06,7420,4620.2,678.8,739.8,589910
487153,515678,967.366,1.23215e+06,1.26298e+06,15415.4,14861.1,1.4214e+06,1.30492e+06,6553.2,3832.7,472.1,570.8,589970
486028,510197,975.5,1.08964e+06,1.13192e+06,20239.4,19791.3,1.54014e+06,1.43211e+06,6785.2,4520.5,797.4,747.2,589992
511557,532820,983.141,915524,951628,29526,28639.1,1.919e+06,1.74736e+06,5676.9,3465.4,940.1,764.4,590014
500023,541947,944.791,963850,979396,24689.9,23318.9,2.16893e+06,1.976e+06,5822.8,4073.1,390.9,632.5,590032
528938,563274,961.582,1.21894e+06,1.24123e+06,41641.2,38862.1,2.57614e+06,2.27055e+06,6891.9,4714.4,718.9,793.9,590033
1.05556e+06,636348,1698.6,2.52602e+06,1.35987e+06,62173.1,40550.1,4.7516e+06,2.95112e+06,13989.7,7450.5,1599.9,997.1,590083
445733,463444,984.874,864220,918871,24729.8,24115.4,1.99049e+06,1.80384e+06,5575.5,3325,799.8,581.9,590124
451639,462918,999.063,938536,1.01146e+06,22314.9,21386,1.73329e+06,1.55239e+06,6583.5,3838.2,716.9,911.2,590197
513311,538489,976.123,1.00065e+06,1.02218e+06,28248.9,27678.6,1.94027e+06,1.7625e+06,4537.8,3043.2,439.3,432.9,590252
184564,214110,882.714,319607,343349,3366.1,3917.8,14450.9,15026.5,1389.4,1197.5,552.8,737.9,590276
437508,451238,992.854,1.01193e+06,1.07039e+06,19396.2,19371.1,1.79027e+06,1.67265e+06,7619.4,4535.9,1158.1,667.8,590328
500041,527017,971.586,722803,731530,15286.2,14519.7,1.17692e+06,1.07392e+06,4208,2794.1,403.1,525.2,590335
697645,586551,1217.96,1.47376e+06,1.26529e+06,13884.9,12818.1,936648,830094,8958.8,5672.2,916.7,717.7,590349
485742,513616,968.427,1.05757e+06,1.09446e+06,21638.7,21209.8,1.3935e+06,1.29772e+06,6494.4,4049.1,717.4,538.7,590363
537708,574910,957.747,1.35611e+06,1.3932e+06,28141.3,26752.2,2.69292e+06,2.37135e+06,5241.7,3531,545.4,568,590385
732146,747157,1003.43,1.66937e+06,1.61004e+06,43060.8,37277.7,4.17198e+06,3.41696e+06,10029.5,6656.5,1067.6,925.7,590411
156613,181233,884.894,229600,259050,2719.3,2897.3,10069.3,10587.8,5053.7,3364.6,745.6,775,590415
1.95885e+06,1.17532e+06,1706.67,9.43376e+06,5.61547e+06,166737,113218,1.31621e+07,5.68068e+06,34995.1,15826,4183.7,2244.4,590477
454227,469613,990.46,942854,1.00506e+06,17616.6,17090.8,1.75096e+06,1.61826e+06,4868.2,3071,253.7,546.9,590621
186248,213294,894.178,278041,289974,2069.3,2250.3,7589.6,8111.7,618.6,701.2,384.7,471.7,590709
461535,488145,968.179,958863,1.02227e+06,33889.2,33629.3,2.32086e+06,2.18604e+06,6757.8,4084.5,907,799,590726
505122,539060,959.538,1.41013e+06,1.45616e+06,25677.6,24807.3,1.64889e+06,1.49904e+06,6585.3,4101.7,772.8,769.6,590812
506854,545479,951.503,1.10972e+06,1.12304e+06,18224.7,17701.1,1.6916e+06,1.55297e+06,5563.4,3798.9,578,797.5,590896
474590,497807,976.256,1.43958e+06,1.49201e+06,29306.2,27842,2.76364e+06,2.46816e+06,6070.7,3792.5,804.5,563.8,591012
504154,531187,971.891,744126,730966,8665.1,8373.6,855697,760032,3413.9,2219.8,493.2,451.7,591036
512184,540820,969.786,1.32176e+06,1.39649e+06,25705.3,25301.6,1.85698e+06,1.70727e+06,6089.8,4260.2,593,881.9,591044
486289,535420,930.041,1.0122e+06,1.04628e+06,20630.3,20675.8,1.96776e+06,1.83023e+06,6006.1,4639.8,569.8,611.8,591052
462727,491688,963.7,1.03088e+06,1.07277e+06,27550.4,26506.7,2.00406e+06,1.81384e+06,7188.4,4630.8,1113.8,802.5,591093
558422,577786,989.683,264764,276906,7341.3,6292.8,509045,438764,1665.6,1252.5,37.6,424.2,591159
171938,197093,893.329,758462,792790,505.3,769.7,1447.8,1193.7,1568.1,1355.6,-23.5,462.8,591212
477601,505229,968.011,1.37939e+06,1.44021e+06,52696.3,51934.6,3.78198e+06,3.46013e+06,6392.7,3674.3,930.9,785.7,591262
404339,404793,1022.85,783984,828596,23442.9,22432.9,1.61117e+06,1.46639e+06,5577.6,3429.2,719.7,501.2,591295
442565,450686,1005.56,700832,759726,27421.4,27121.9,2.0182e+06,1.87613e+06,4760.1,3245.6,484.6,632.8,591326
508618,528069,986.29,1.02521e+06,1.06788e+06,14234,13883.5,1.1404e+06,1.04381e+06,5424.8,3562.9,662.1,712.5,591356
731154,733703,1020.45,1.56448e+06,1.53422e+06,64696,55767.2,4.05547e+06,3.27474e+06,9989.5,6290.1,1247.9,1066.6,591374
439034,446093,1007.81,795083,846958,24256.1,22942.9,1.65626e+06,1.50543e+06,5468.7,3463.7,576.1,559.7,591387
517657,528178,1003.61,677533,700675,8691.8,8375,683616,603675,3054,2134.4,280.6,620.5,591396
507782,536415,969.351,783585,789516,19682.9,18317.8,1.99018e+06,1.77266e+06,4591.8,2954.2,607.6,569.7,591420
518662,558958,950.187,1.2485e+06,1.23002e+06,14873,14025.4,1.19589e+06,1.04856e+06,5100.9,3728.4,633.3,622.1,591441
427821,455822,961.106,1.33013e+06,1.40803e+06,32228.8,31543,2.83396e+06,2.63127e+06,6221.2,3900.1,721.9,928.2,591449
1.10387e+06,1.04217e+06,1084.63,2.61226e+06,2.33682e+06,69592.3,58750.4,5.60828e+06,4.53054e+06,14797.6,9115.4,1430,1317.4,591462
955793,791513,1236.53,1.87325e+06,1.50309e+06,38230.8,29756.5,3.20209e+06,2.39518e+06,12942.1,7774.1,1621,1194.7,591479
427015,449686,972.387,960115,1.0201e+06,22611.1,22549.3,2.14645e+06,2.01918e+06,6321.2,4236.5,685.6,706.4,591527
447488,453038,1011.47,937336,1.01419e+06,14166.6,13503.9,1.20022e+06,1.09307e+06,4464.2,3072,693.1,690.4,591561
1.40987e+06,1.18108e+06,1222.36,3.33344e+06,2.74464e+06,90676.5,69864.1,5.77966e+06,4.27344e+06,17335.2,10801.5,2035.1,1420.1,591563
517704,541463,979.08,513871,534548,7851.1,7372.2,735641,658084,2099.4,1627.4,11.9,299.9,591565
718124,736513,998.435,1.48549e+06,1.44168e+06,44887.3,41441.5,3.68349e+06,3.25294e+06,10134.3,6331,1027.7,809.3,591578
1.567e+06,1.241e+06,1292.99,4.09431e+06,3.20309e+06,78849.7,63132.5,5.29494e+06,4.05136e+06,18031.5,10724.6,2414.9,1602.4,591592
129505,159897,829.368,489349,534824,838.9,958.2,2143.8,1453.5,1028.5,1371.5,239,511.6,591642
810201,674145,1230.67,1.5725e+06,1.32525e+06,52157.5,42421.8,3.57017e+06,2.79803e+06,11946.2,6730.9,1432,1117.3,591662
822283,616638,1365.51,2.27789e+06,1.7344e+06,50947.5,38483.7,4.68515e+06,3.43078e+06,12878.5,6541.6,1312.5,1135.8,591684
552168,568638,994.351,879272,873734,18385.3,16993.1,1.76527e+06,1.54475e+06,4769.4,3188.5,552,834.8,591725
1.28719e+06,897099,1469.28,3.04244e+06,2.32279e+06,71068.2,49602.9,6.65414e+06,4.53193e+06,20079.4,10755.6,2401.3,1576.8,591736
612013,579249,1081.92,798503,829575,25591.3,22601.2,1.83866e+06,1.57009e+06,7069.8,4608.1,703.4,636.6,591759
244348,257738,970.809,133589,144415,1066,1347.6,3696.2,3651.4,454.2,564.8,-148.7,399,591778
506092,543179,954.089,1.14279e+06,1.1614e+06,26665,25723.4,2.02627e+06,1.8594e+06,5974.8,3864.9,613.1,650.8,591801
506246,530016,978.075,1.0821e+06,1.12661e+06,34346.2,32561.2,2.30067e+06,2.09412e+06,5159.2,3196,810.6,617.8,591824
498888,550019,928.812,1.08541e+06,1.12105e+06,32006.8,31460.5,2.19211e+06,2.03316e+06,5788.9,4284.8,403.8,540.1,591875
493296,508705,992.983,1.26703e+06,1.29366e+06,33390.7,31057.8,2.71377e+06,2.38809e+06,5596.7,3855.2,581,420,591932
498079,547541,931.504,1.11321e+06,1.13939e+06,13827.8,13229.6,1.39721e+06,1.29201e+06,5294,3800.9,684.3,632.6,591942
502093,551045,933.042,1.0317e+06,1.06283e+06,26662.5,26157.3,1.80611e+06,1.67743e+06,5473.1,3671.1,553.7,636.2,592160
739106,759716,996.226,1.62603e+06,1.62019e+06,31196.2,28338.6,3.16483e+06,2.73673e+06,12626.3,7936.4,1307.8,1165.5,592218
520480,569278,936.233,1.28493e+06,1.32484e+06,27043.3,25412.6,2.34776e+06,2.10345e+06,5116.8,3438.2,457.4,822.7,592236
444925,463612,982.734,1.14389e+06,1.21373e+06,37680.4,37153.4,2.28026e+06,2.14547e+06,5580.2,3697.6,538.6,474.3,592236
532498,554473,983.417,1.14811e+06,1.14951e+06,32860.4,30355.2,2.4133e+06,2.09601e+06,3694.9,2588.3,127.3,499.9,592379
505418,548187,944.112,1.23644e+06,1.26346e+06,19430.9,18871.2,1.63229e+06,1.49979e+06,5801.2,3665.9,624.7,729.7,592383
1.41231e+06,1.0182e+06,1420.35,3.43746e+06,2.5424e+06,136628,101710,8.93285e+06,5.5882e+06,19248.5,11240.4,1806.9,1505,592384
501590,542172,947.36,1.00247e+06,1.00399e+06,22230.1,21244,1.98209e+06,1.81854e+06,5509.4,3652.9,804.3,584.4,592465
502479,547528,939.747,1.14632e+06,1.15892e+06,31386,30746.2,2.39959e+06,2.19694e+06,5779.1,4015.3,657.6,658.2,592488
986032,844720,1195.3,1.85317e+06,1.48773e+06,43853.5,33678.3,3.5478e+06,2.63687e+06,11594.5,7101.6,1685.5,1132,592505
453330,479622,967.877,1.04464e+06,1.10021e+06,11911.1,12022.6,1.30129e+06,1.218e+06,7692.1,4781.9,1074.6,920.6,592518
502781,530476,970.546,1.45767e+06,1.52724e+06,43434.8,42009,3.03789e+06,2.79036e+06,7076.5,4208.7,867.7,670.5,592543
1.26617e+06,910529,1423.97,3.47151e+06,2.65887e+06,82447.2,61057.4,6.14564e+06,4.44585e+06,25059.6,12708.9,2926.6,1787.6,592573
497129,519147,980.575,1.33249e+06,1.38916e+06,37928.6,36579.9,2.76913e+06,2.4935e+06,7940.3,4885,903.4,875.3,592682
499359,542118,943.243,1.00299e+06,1.01161e+06,22028,21296,2.04471e+06,1.87158e+06,6688.4,4894.8,801.2,903.6,592742
1.20382e+06,983790,1253.04,2.86275e+06,2.23824e+06,84730.6,64207.6,6.85724e+06,5.06916e+06,18375,10975.3,2225.3,1813.2,592788
492400,525891,958.791,1.00378e+06,1.01852e+06,23470.4,22645.5,2.35414e+06,2.15727e+06,7059.8,4705,717.9,706.2,592800
495302,540220,938.863,1.04883e+06,1.07533e+06,20340.2,19937.4,1.70387e+06,1.57554e+06,5705.6,3890.5,505.9,727.7,592970
453889,466882,995.506,725400,793068,18821,18690.9,1.61346e+06,1.50409e+06,4414.8,2820.7,495.7,592.4,592972
450110,451553,1020.73,896028,963804,23756.6,23174.3,1.95044e+06,1.77978e+06,4119.4,2977.6,611.1,568.2,593068
445048,466137,977.674,1.09864e+06,1.14482e+06,27483.7,26850.6,2.20212e+06,2.029e+06,6131.4,3822,587.3,713,593087
101181,126856,816.795,125881,136987,248.5,635,568.6,970.6,357.6,601.5,30.1,315.3,593096
691682,674702,1049.78,1.34278e+06,1.38589e+06,41379.5,37228.3,3.12033e+06,2.67721e+06,9304.7,5586.5,926.4,847,593107
452666,458863,1010.18,502855,545547,24560.9,24162.5,1.55589e+06,1.44568e+06,3566.1,2255.1,484.1,715.7,593124
497320,529782,961.265,1.12878e+06,1.17113e+06,15264.3,14609.2,1.56858e+06,1.45649e+06,5970,3728.2,806,863.9,593218
493011,520101,970.672,1.00898e+06,1.03907e+06,28513.8,27849.1,2.15745e+06,1.99702e+06,7769.9,4985.9,797,605.6,593378
508950,528497,986.126,509054,522291,8780.2,8085.5,679162,605730,3296.4,2350.7,204.9,603.1,593424
464691,477772,995.972,1.33275e+06,1.3925e+06,41941.4,40218,3.01677e+06,2.70726e+06,8435.3,5094.5,1186.9,933.4,593520
531720,561363,969.931,1.47527e+06,1.49917e+06,45650.2,43873.3,3.33538e+06,2.96028e+06,5790.9,3647,769.1,764,593641
376265,374896,1027.74,191725,206074,1352.4,1409.9,3227.2,4369.3,1155.1,1119.9,87.5,577.7,593667
461900,475486,994.754,1.36275e+06,1.42718e+06,33231.8,31740.7,3.10383e+06,2.75768e+06,6303.3,4098.4,682.3,539.5,593691
443960,459785,988.757,1.02943e+06,1.06635e+06,35539.6,34068.2,2.14897e+06,1.94482e+06,6627.9,4332.9,892.5,903,593702
149250,171461,891.377,250261,266825,454.4,841.6,835.1,727.4,536.5,980.5,-13,470.7,593871
435690,451626,987.871,958045,995501,28143.2,27609.9,2.31061e+06,2.13124e+06,6564.3,3930.2,684,613.1,593881
461637,479385,986.09,1.05064e+06,1.08642e+06,26927.7,25064.6,2.46527e+06,2.1849e+06,7194.9,4585.7,925,957,593939
544457,576194,967.6,1.24421e+06,1.27052e+06,33825.2,31795.6,2.533e+06,2.22727e+06,7538.7,4711,992.4,738.4,594020
492949,511484,986.899,1.22865e+06,1.27369e+06,32691.2,31580.8,2.7385e+06,2.50094e+06,8355.5,4875.5,909.1,705.2,594029
481585,496062,994.128,1.05195e+06,1.10062e+06,28624.6,26524.9,2.37205e+06,2.07891e+06,7708.6,4915.7,891.8,810.3,594172
455942,467657,998.349,1.40193e+06,1.48652e+06,35087,33608.3,3.0699e+06,2.79847e+06,5327.7,3258.2,529,619.2,594243
507246,530027,979.991,1.09669e+06,1.13976e+06,25840.8,24113.6,2.16603e+06,1.97101e+06,5271.4,3242,594.8,796.1,594251
508440,552009,943.178,1.39604e+06,1.44796e+06,56997.4,55475.3,3.72549e+06,3.40878e+06,6583.9,3873.9,844.5,789.6,594276
487615,499272,1000.09,495081,493410,12000.7,13327.7,12371,13330.7,1339,1381.2,353.1,483.4,594358
503703,531712,970.071,995839,1.03003e+06,17505.1,16744.8,1.30109e+06,1.187e+06,5541.8,3592.1,593.5,543.1,594427
431476,437976,1008.82,719130,774588,16244.6,15502.1,1.38894e+06,1.27317e+06,5903,3574.5,987.5,711.7,594467
508272,536456,970.202,963114,998229,35181.9,33660.7,2.38792e+06,2.1752e+06,6223.9,4240.1,1085,1042.4,594564
497555,525910,968.8,996567,1.02591e+06,27936.4,26710.9,2.10637e+06,1.91569e+06,5512.6,3394.5,677.6,599.5,594835
488609,513782,973.839,954364,979530,28458.4,27274.1,1.87978e+06,1.71211e+06,7000.1,4191,893.4,841,594980
191863,192664,1019.78,325638,323493,783.8,968.5,1830.5,1996.5,1517.9,1112.2,-21.6,392,595024
458772,487295,964.074,977745,1.00014e+06,26919.2,25956,1.99441e+06,1.82543e+06,6426.5,4457.4,482,617.7,595040
512629,534529,982.047,1.1858e+06,1.21751e+06,26511.8,25281,2.16684e+06,1.99138e+06,5860.6,3813.2,805.7,757.1,595150
511244,530871,986.153,843654,853657,32491.8,31065,2.00507e+06,1.82233e+06,4309.3,3052.1,306.5,812.8,595176
498322,530018,962.765,1.01521e+06,1.04572e+06,17458.3,16639.5,1.61797e+06,1.47576e+06,5297,3498.9,819.8,627.4,595186
538402,568104,970.462,1.28886e+06,1.31143e+06,26157.8,25041.9,2.02474e+06,1.79851e+06,8185.8,5352.4,1174.5,1140.1,595306
514232,544933,966.316,1.50315e+06,1.53671e+06,26672.3,25315.8,2.82317e+06,2.51519e+06,5156.2,3356.6,703.1,578,595623
458114,471928,994.043,1.18659e+06,1.25736e+06,26315.7,25211,2.07966e+06,1.8838e+06,5588.2,3560.4,700.6,687.9,595800
504719,530367,974.493,1.24359e+06,1.31292e+06,27439.3,26336,2.55812e+06,2.31978e+06,5820.3,3787.4,618.2,716.3,595832
512961,533869,983.904,924798,957883,15809.6,15216.1,1.25387e+06,1.14259e+06,5911.2,3949.7,843.6,705.1,595986
192150,206182,954.336,580534,586360,609,916,1943.8,1838.4,1672.8,921,146.8,378.1,596165
774192,765856,1035.15,2.02018e+06,2.03389e+06,48540.8,43803.9,3.95601e+06,3.31237e+06,10033.6,6104.4,1006.6,946.4,596200
524018,544154,986.11,1.13521e+06,1.1815e+06,31098.4,30408.1,2.3732e+06,2.16745e+06,5471,3676.3,423,682.1,596640
502298,531095,968.489,1.09523e+06,1.14172e+06,28653.7,27823.5,2.2559e+06,2.07364e+06,5609.5,3702.1,891.2,692.1,598209
465685,485309,982.604,1.09689e+06,1.15958e+06,28107.6,27328,2.79826e+06,2.56651e+06,4694.6,2996.3,647.4,721.5,598282
476772,494843,986.61,1.19847e+06,1.24949e+06,25330.6,24039.8,2.19975e+06,1.95075e+06,8005.4,4930.7,1289.6,1024.6,598347
719042,717144,1026.72,1.42228e+06,1.43389e+06,34094.1,30163.8,2.87285e+06,2.46074e+06,10048.6,6295.2,1053.7,830,599338
491836,520134,968.299,981526,1.03131e+06,23193.5,22342.2,1.53702e+06,1.39669e+06,6406.7,4298.6,1119.1,815.3,600236
482452,500505,987.067,984698,1.03768e+06,23930.4,23499,2.15932e+06,1.96922e+06,5880,3505.8,591.8,548.9,603103
184370,211221,893.845,336106,362571,3208.1,3804.3,12732.6,12909.3,1067.8,729.1,432.6,474.5,603173
503803,519981,992.15,917359,959219,18448.3,17924.1,1.86172e+06,1.71207e+06,5506.5,3636.8,697,685.8,603183
518991,551940,962.876,1.4491e+06,1.4663e+06,31660.8,30067.5,2.21283e+06,1.95627e+06,5879.7,4054.4,833.1,650.3,603550
516201,534088,989.718,1.00443e+06,1.02611e+06,25208.5,24149,1.94194e+06,1.77022e+06,4452.4,3271,636.6,786.8,603582
505162,531072,974.041,1.50113e+06,1.53988e+06,38394.8,36492.5,2.88538e+06,2.57314e+06,6453.8,3916.7,900,612.8,603655
970910,1.00969e+06,984.68,2.41225e+06,2.49327e+06,61278.6,59396.1,4.66707e+06,4.29529e+06,12223.2,7463.1,1614.3,1259.4,603656
491658,512948,981.504,1.35742e+06,1.38768e+06,21633.4,20432.2,1.79907e+06,1.59114e+06,6663.7,4309.1,809.3,568.6,603754
553000,588753,961.816,1.50851e+06,1.52074e+06,21263.2,19688.1,1.65338e+06,1.46911e+06,5836.2,3824.4,594,655.6,603801
449810,470183,979.644,1.03319e+06,1.06674e+06,20414.9,20085,1.36623e+06,1.26805e+06,6025.8,3640.9,646.7,1043.1,604070
885768,778262,1165.46,2.83147e+06,2.52893e+06,59419,50137.5,5.84923e+06,4.7129e+06,12580.7,7491.9,1537,1001,604221
493309,526485,959.482,1.05051e+06,1.07108e+06,34542.8,33349.3,2.37139e+06,2.16724e+06,5851.5,3575.2,546.2,789.3,604344
479886,499181,984.427,915313,967668,15375.3,14755.2,1.35448e+06,1.2372e+06,6122.3,4044.2,926.8,728.8,604385
506590,527123,984.117,1.08284e+06,1.13267e+06,16425.9,15538.6,1.27717e+06,1.16006e+06,5812.6,3549.1,430.2,756.2,604519
476540,487732,1000.51,1.2329e+06,1.29789e+06,29076.1,28288.9,2.363e+06,2.13147e+06,4993.7,3680.1,741.7,599.7,604524
478293,500544,978.478,1.30801e+06,1.35646e+06,29982.3,28875.9,2.42257e+06,2.14988e+06,6066.5,3838.2,788.2,694,604549
839375,678724,1266.38,2.24555e+06,1.92384e+06,44799.5,35523.6,3.7784e+06,2.95299e+06,11170.2,6203.5,1362.7,960.9,604552
501756,534954,960.455,1.0482e+06,1.05983e+06,32164.3,31292.4,2.37373e+06,2.16913e+06,6452.1,3867.7,821.1,676,604594
475744,499795,974.728,1.11803e+06,1.14754e+06,38319.2,36900.9,2.81881e+06,2.60254e+06,6436.8,4099.5,738.8,638.6,604698
514599,543969,968.712,1.30727e+06,1.32686e+06,34945.9,33636.8,2.51826e+06,2.29467e+06,6210.3,4008.6,764.4,787.9,604772
855605,708302,1236.97,2.09424e+06,1.80418e+06,61119.1,49974.1,4.28471e+06,3.39978e+06,13409.8,7773.7,1393,1116.9,604837
969424,827872,1199.1,2.94164e+06,2.73453e+06,72355.1,60902,6.19427e+06,4.9985e+06,18685.2,10629.4,2573.2,1962.2,605073
492024,521984,965.226,1.04745e+06,1.06979e+06,28603.1,27467.4,1.97419e+06,1.8141e+06,6414.1,4059.1,745.9,671.8,605104
507334,523956,991.521,970439,1.00677e+06,40906.5,39012.9,2.43779e+06,2.23159e+06,5732.7,3705.7,929.2,647.9,605107
499462,524813,974.544,983608,1.01656e+06,15293.1,14893,1.55136e+06,1.40943e+06,6346,4098.8,775.4,851.5,605443
506841,528993,981.121,1.19786e+06,1.24415e+06,22129.1,20950.4,2.19765e+06,1.99779e+06,5712.8,3622.9,754.2,661.6,606512
468909,490415,979.107,1.10081e+06,1.1719e+06,32226.9,31552.5,2.54591e+06,2.3308e+06,5902.2,3658.8,607.3,679.2,606520
499414,517965,987.334,930305,965410,26429.9,25398.4,1.83112e+06,1.67695e+06,6290.8,3784.4,580.3,797.8,606682
735656,746774,1008.76,1.67809e+06,1.63433e+06,65214.6,55772.5,5.02857e+06,4.05421e+06,10631.8,6742.8,974.7,956.7,606745
502185,518860,991.099,1.1701e+06,1.17468e+06,29915.1,27764,2.09383e+06,1.82732e+06,7133.4,4338.8,891.2,647.4,606882
846399,637547,1359.46,2.26228e+06,1.75215e+06,55650.2,40902.1,4.58066e+06,3.27004e+06,12044.3,6273.6,1459.9,1002.6,606908
1.00382e+06,814564,1261.93,3.64144e+06,3.54255e+06,111363,92815.2,7.50988e+06,5.52693e+06,19658.1,11743.7,1828.6,1265.7,606940
495307,533192,951.255,1.03335e+06,1.04544e+06,36883.4,35842,2.3833e+06,2.18594e+06,6001.7,4149.4,689.5,665.6,606959
161419,192385,859.183,287520,316451,3295.5,3544.9,14127.1,14740,1024,982.9,788,558.8,607176
445015,455116,1001.28,855432,912131,17398.6,17063.2,1.38417e+06,1.26346e+06,5500.9,3674,955.4,755.5,607179
1.00921e+06,861762,1199.21,2.43354e+06,2.00637e+06,65276.5,51358.8,4.51745e+06,3.43843e+06,12730,7558,1718.4,1032.7,607204
500131,528018,969.922,748304,752409,13235.5,12400.8,1.10827e+06,987838,3664.9,2443.3,437.3,594.8,607210
817300,649568,1288.43,1.98531e+06,1.62604e+06,55343.9,43775.5,3.61353e+06,2.79557e+06,12016.9,6703.9,1379.7,1283.1,607300
995339,897390,1135.78,2.31939e+06,1.97961e+06,43190.5,35441.9,3.80311e+06,3.04165e+06,10747.9,6918,1095.5,906.7,607520
502483,520700,988.181,728783,722181,20006.4,19077.5,1.60378e+06,1.44414e+06,3336.9,2439.8,-21.6,558.3,607523
519518,555989,956.837,1.47715e+06,1.52041e+06,30263.9,28878,2.66841e+06,2.41177e+06,5513.8,3559.9,513.8,529.5,607611
493632,519838,972.389,1.03357e+06,1.07575e+06,20329.4,19669.1,1.90353e+06,1.76567e+06,7647.8,4944.1,1251.5,820.8,607613
647465,639295,1037.1,746493,800816,17380.5,15622.8,1.60888e+06,1.43217e+06,7125.7,4423.3,587,774.2,607635
213336,209466,1042.93,1.51643e+06,1.62278e+06,1420.4,1436,3607.5,3764.2,3714.2,2265.3,130.3,399,607643
514072,539550,975.656,1.26723e+06,1.32135e+06,29141.7,27890.1,2.40118e+06,2.16889e+06,4787.2,3344.8,789.6,491.4,607647
758099,770995,1006.87,2.05696e+06,2.02308e+06,58134.3,53516.6,4.86512e+06,4.17221e+06,12270.7,7636.6,1383.6,1100.6,607683
508790,527410,987.852,968478,1.00625e+06,22298,20934.9,2.15314e+06,1.94405e+06,5925.6,3946,550.1,670.2,607706
498347,540075,944.888,1.02487e+06,1.02626e+06,19574.5,18886.4,1.51132e+06,1.38231e+06,6057,4248.5,801.5,687.3,607735
434361,451876,984.317,1.00144e+06,1.04729e+06,25132.3,24558,2.05122e+06,1.90972e+06,6685.5,4165.3,729.4,698,607748
460750,479844,983.261,1.34245e+06,1.41031e+06,26207.6,25642.9,2.44533e+06,2.27469e+06,6361.4,4199.1,661.2,866.3,607860
448446,459226,999.967,964581,1.0214e+06,29560,28484.8,2.31108e+06,2.12119e+06,5392.5,3315,791.2,806.3,607938
499373,540998,945.223,968657,975510,23706.7,22893.1,1.88574e+06,1.72324e+06,6489.1,4508.3,850.2,867,607972
504209,522943,987.329,1.36273e+06,1.42812e+06,30997,29592.3,2.60144e+06,2.34419e+06,6502.3,3851.9,957.6,635,608035
511189,531816,984.282,883998,901968,22443.1,21805.5,1.9472e+06,1.77695e+06,4838.6,3092.7,413.3,668,608491
508324,537895,967.716,970222,1.00543e+06,18998.2,17996.3,1.5064e+06,1.36239e+06,5189.5,3233.6,545.8,535.7,608519
442196,454716,995.814,967862,1.00436e+06,19822.1,19490,1.59193e+06,1.47354e+06,6478,4309.4,643.2,678.3,608674
707276,722994,1001.74,1.65133e+06,1.58339e+06,34568.9,29497.3,3.25265e+06,2.63144e+06,9137.7,5533.9,1150.1,931.2,608800
512156,534715,980.802,1.01915e+06,1.05352e+06,30135.8,29233.1,2.28094e+06,2.08585e+06,5019.6,3383.1,578.1,632.5,608857
463062,484449,978.794,1.31031e+06,1.38326e+06,31168.6,29874.7,2.0609e+06,1.86852e+06,4736.9,3240.9,848.2,595.2,609116
511783,547687,956.881,1.21009e+06,1.25258e+06,41263.1,40159.4,2.65772e+06,2.41387e+06,6167.9,3933,335,687.2,609423
508676,519176,1003.29,1.11236e+06,1.16129e+06,37060.3,35749,2.59928e+06,2.36799e+06,5229.7,3421.8,626.9,726,609882
489021,510246,981.414,965035,1.02806e+06,26875.5,25748.6,2.13097e+06,1.94886e+06,6377.3,3962,747.2,747,609932
525787,547372,983.625,1.40706e+06,1.46242e+06,34051.2,32360,2.66123e+06,2.37779e+06,5844.6,3594.2,514.3,602.9,610273
498651,523111,976.131,993720,1.03396e+06,22803.7,21520.5,1.96807e+06,1.79426e+06,5666.8,3680.9,611.7,736.6,610508
501578,523622,980.901,1.02106e+06,1.07017e+06,35531.9,34371.5,2.41212e+06,2.19969e+06,5264.4,3409.1,677.4,723.3,610783
499326,517399,988.244,1.24023e+06,1.29796e+06,28972.6,27221.6,1.98042e+06,1.74266e+06,6421.1,4330.6,1013.8,817.6,610846
1.09011e+06,554675,2012.48,3.71606e+06,2.02727e+06,6455.2,3810.9,30553.5,15953.2,10405.7,5132.6,992.5,839.5,610877
498971,520473,981.698,693744,710242,20040.7,19220.7,1.41542e+06,1.28898e+06,5247.2,3741.7,1011.4,703.3,610964
455148,469268,993.197,814032,871702,22936.1,22898.9,1.53342e+06,1.42344e+06,4928.6,3357,657.1,725.8,611111
1.07203e+06,855547,1283.12,2.65432e+06,2.10754e+06,70950,52332.9,5.73681e+06,4.12705e+06,15779.8,8891.5,1544.7,1182.3,611361
456459,474175,985.755,1.19326e+06,1.26727e+06,35286.1,34248.9,2.47324e+06,2.24806e+06,5738.2,3522.2,247.8,498.9,611386
516938,541261,977.992,883460,908820,25422.7,23822.7,2.20246e+06,1.96203e+06,4767.5,2995.5,367.8,463.4,611535
185031,220468,859.418,360716,390122,3919.4,4404.1,15161.1,16484.1,1830.9,1441.9,688,947.1,611610
486203,514005,968.621,994204,1.03793e+06,28106.7,27207.1,2.15801e+06,1.97245e+06,6215.7,4087.3,747,618.6,611630
844293,637517,1356.14,1.76774e+06,1.3801e+06,53636.3,40783.5,4.1318e+06,2.98651e+06,11949.2,6226.7,1361.7,1131.4,611672
3.80624e+06,1.71728e+06,2269.64,1.07726e+07,4.47922e+06,42682.6,18037.8,148639,61545.1,60405.8,22253.4,5390.7,2297.3,611714
498546,537444,949.894,1.05595e+06,1.06326e+06,27334.8,26417.1,2.02867e+06,1.85551e+06,5191.7,3372.2,833,599.8,611733
522867,532575,1005.35,916459,949998,18761.6,18092.8,1.95125e+06,1.78793e+06,4947.9,3217.5,388.8,509,611905
529731,552107,982.502,1.06622e+06,1.05907e+06,20065.6,18796.9,1.91077e+06,1.67957e+06,3227.8,2190.4,436.5,468.9,612037
1.00536e+06,907566,1134.34,2.26797e+06,1.96671e+06,61214.1,51063.1,5.27932e+06,4.2462e+06,12791.8,8172.8,1559.9,1319,612146
492263,517791,973.526,970123,989512,21842.3,20668.9,2.27385e+06,2.05965e+06,6808.2,4198.2,1045.5,906.4,612181
484943,515884,962.59,1.00897e+06,1.03892e+06,27098.6,25991.3,2.21772e+06,2.03161e+06,6290.2,4333.7,939.4,781.7,612185
515215,539144,978.566,1.33764e+06,1.38348e+06,27554,26405.4,2.74885e+06,2.50322e+06,5915.9,3749.9,660.9,962.4,612233
161966,184269,900.082,277550,304205,3503.9,3354.7,13710.4,13622,3550.6,2250.9,824.7,784,612375
482636,525603,940.293,1.05736e+06,1.08722e+06,19566.3,19145.2,1.49111e+06,1.38704e+06,5807.6,3887.8,556.3,548.7,612385
469981,492171,977.837,1.2887e+06,1.37427e+06,21316.3,20576.7,2.23774e+06,2.03678e+06,6084.2,3574.7,716.6,706.2,612499
470357,488120,986.734,1.295e+06,1.37176e+06,21176.3,19643.7,2.40112e+06,2.15857e+06,5417.2,3521.7,522.8,633.2,612515
466391,489075,976.509,960432,1.01496e+06,30368.5,29450.1,2.0418e+06,1.87886e+06,5427.7,3261.4,572.9,837.3,612604
514200,540192,974.727,1.32718e+06,1.39268e+06,31368.4,30070.8,1.91547e+06,1.73248e+06,5316,3868.7,674.9,791.1,612668
440483,460377,979.752,930635,982170,30275.2,29732.5,2.11336e+06,1.94304e+06,6707.6,4162.2,972.8,846.5,612673
493626,527940,957.45,1.0113e+06,1.03144e+06,24954.8,24130.9,1.95779e+06,1.80346e+06,7155.7,4576.4,1017.9,993.6,613116
498396,527536,967.45,1.01432e+06,1.04524e+06,26149,25118.6,1.95342e+06,1.78022e+06,4631.8,3119,299.3,521.8,613130
498022,533627,955.68,1.09364e+06,1.11858e+06,22008.5,21320.8,1.76705e+06,1.63904e+06,5968.9,4189.7,693.9,679.7,613213
498038,528020,965.863,994364,1.005e+06,27360.8,26204.6,2.27199e+06,2.0657e+06,6044.1,3979,982.8,844.7,613272
464730,497321,956.895,1.0371e+06,1.0813e+06,13906.6,13611.4,1.45799e+06,1.35814e+06,7185.3,4238.9,678.3,633.7,613375
1.2929e+06,1.17044e+06,1131.14,2.65806e+06,2.50856e+06,57161,48989.9,5.76403e+06,4.78942e+06,15181.3,9114.9,1831.9,1171.5,613435
486274,527986,943.104,989340,997338,22882.3,21453.7,2.02895e+06,1.80139e+06,6743.8,4423.7,1027.8,715.7,613585
444068,458021,992.816,912865,974333,23920.8,23423.2,1.97097e+06,1.81643e+06,7472.7,4569.2,1219.4,832.7,614011
506930,520732,996.866,1.35816e+06,1.43551e+06,20334.8,19755.9,1.50133e+06,1.34778e+06,5457.6,3566.8,739.3,702,614652
447049,463508,987.646,973364,1.00683e+06,13095.2,12229,1.29793e+06,1.18155e+06,5992.5,4061.6,571.9,845.4,614729
826607,648443,1305.36,2.09182e+06,1.68797e+06,64542.7,50384.6,4.81942e+06,3.65423e+06,10321.2,5963.5,1227.5,878,614749
2.11689e+06,1.39801e+06,1550.56,5.04623e+06,2.68199e+06,12572.2,7038.9,44348.5,24100,17684.7,8668.1,1525.8,1202.3,614773
561363,588518,976.76,1.14309e+06,1.15165e+06,40260,39110.7,2.48424e+06,2.25316e+06,7373.3,5068.2,1175.5,863.9,614861
510052,532448,980.941,799394,802333,13946.7,13122.7,1.42811e+06,1.30388e+06,4433.6,3042.7,544.3,595.1,614922
1.37512e+06,1.19029e+06,1183.01,2.304e+06,1.96086e+06,48929.1,38556.6,3.68093e+06,2.80369e+06,13114.5,7917,1541.2,1101.5,615132
473786,491606,986.893,1.21331e+06,1.27665e+06,19883.4,18824.4,1.58762e+06,1.40586e+06,6589.9,4106.6,792.8,737.2,615386
498645,521560,979.008,720577,715085,17331.1,16330.4,1.14077e+06,1.01729e+06,3395.2,2419.2,475.5,569.1,615528
474643,489790,992.342,1.0674e+06,1.13203e+06,21181.8,20550.9,1.57827e+06,1.4267e+06,5601.4,3534.4,740.9,566.6,615681
1.45696e+06,1.19288e+06,1250.7,3.17667e+06,2.56284e+06,74444.1,56693,6.24193e+06,4.59642e+06,19110.8,10552.7,2169.6,1543.6,615766
2.38744e+06,1.74195e+06,1403.45,5.71661e+06,4.16755e+06,149447,110845,1.48869e+07,5.69041e+06,39733,20770,4706.8,2848.7,615815
519505,538389,988.092,1.01143e+06,1.0506e+06,24151.2,23471.7,1.63445e+06,1.50244e+06,5098.2,3432.7,486.2,648.3,615854
436696,456064,980.529,912548,978508,22379.2,21778,1.94931e+06,1.79155e+06,6977.1,4006,1149.1,918.9,615925
491968,509832,988.118,1.45259e+06,1.49579e+06,41635.8,40036.3,2.83202e+06,2.55721e+06,5823.2,3611.4,808,858.4,616019
503439,552254,933.495,1.23843e+06,1.2273e+06,38399.3,36294.3,2.47628e+06,2.17031e+06,7526.5,4921.5,1018,888.3,616326
184492,216992,870.658,357329,389274,3506.6,4152.2,13526,14852.6,1419.7,1073.9,706.5,759.4,616370
450569,454688,1014.72,310786,323819,13266.9,13166.4,1.02865e+06,935253,2349.9,1729.5,211.5,529.7,616439
1.22732e+06,1.18872e+06,1057.25,3.73916e+06,3.75074e+06,110377,102033,7.5528e+06,5.58997e+06,21053.3,12728.9,2565.2,1769.2,616467
417866,425456,1005.73,852538,901215,14632.3,14013.8,1.1487e+06,1.00924e+06,5946.5,3442.1,609.4,606.8,616501
458286,481521,974.59,1.50556e+06,1.58878e+06,48370.4,47878.4,3.02195e+06,2.73839e+06,7223.7,4493.9,865.5,787.6,616618
429548,435042,1011.07,683052,732537,26294.9,25448.5,1.9175e+06,1.76749e+06,4268.1,2488,778.4,548.1,616634
419354,358833,1196.71,2.11977e+06,1.78012e+06,11617,9907.7,130322,117014,6718,4303.1,697.6,801.4,616649
535623,568020,965.601,1.47831e+06,1.52077e+06,27492.8,26338.1,2.21316e+06,1.94979e+06,5899.7,3879.5,574.7,801.7,616674
1.29819e+06,1.13537e+06,1170.86,2.77117e+06,2.31336e+06,74763.6,59878.7,5.06727e+06,3.96234e+06,16690.3,10280.3,2201.1,1366.2,616711
872451,561204,1591.93,4.64514e+06,3.93255e+06,6367.5,4667.6,19481.7,12497.6,15464.9,7290.4,944.3,779,616784
535158,569378,962.46,1.18031e+06,1.21251e+06,38286.2,35997.1,2.91027e+06,2.55267e+06,6798.6,4647.5,832.3,828.4,616811
448551,462192,993.776,975158,1.0449e+06,21996.7,21072,2.10705e+06,1.93516e+06,4512.5,2903.2,693.5,496.9,616944
443913,452824,1003.85,1.19045e+06,1.25682e+06,29871.4,28684.4,2.91302e+06,2.61456e+06,4873.7,3085.6,889.3,724.5,616975
527622,570430,947.163,1.25923e+06,1.24075e+06,30287.4,27834.9,2.62604e+06,2.28667e+06,5791.4,3709.5,989.4,773.3,617013
498164,542564,940.207,1.00308e+06,1.0135e+06,17500.6,17447.3,1.66049e+06,1.5301e+06,6391.4,4431.2,1025.7,648.6,617031
1.19878e+06,1.22304e+06,1003.69,3.05506e+06,3.09328e+06,107442,101894,7.765e+06,5.60851e+06,18632.7,10923.2,1913.6,1459.8,617048
466751,479687,996.4,1.28417e+06,1.36615e+06,25712.2,24870.9,2.52403e+06,2.28313e+06,5832.3,3549.5,1087,734.7,617437
437119,441334,1014.23,950480,989171,28142.3,27537.9,2.23446e+06,2.08911e+06,6819.5,4082.2,779.7,1087.2,617454
445366,462725,985.596,1.22984e+06,1.28687e+06,25692.3,24942,2.48283e+06,2.2902e+06,5859.5,3651.9,468.6,501.5,617578
499561,536306,953.842,1.10824e+06,1.13464e+06,29145.4,28396.6,2.87513e+06,2.63303e+06,5286.7,3945.9,795.3,677.8,617631
165524,184839,917.025,316216,347840,2961.1,3090.5,11979.3,13626.9,1440,1018.8,659.1,694.6,618215
436199,453536,984.854,955908,1.01137e+06,16351.5,15494.1,1.55054e+06,1.40025e+06,5891.2,3605.1,546.2,741.7,618290
492587,509601,989.814,991427,1.03853e+06,19197.8,18751.6,1.32332e+06,1.2097e+06,6467.8,4412,580.6,860,618331
466844,486202,983.233,1.4451e+06,1.49741e+06,40772.3,39493.7,3.20125e+06,2.8851e+06,5969.1,3521.3,598.6,429.2,618426
549470,570851,985.651,1.15548e+06,1.18323e+06,26864.1,24326.3,1.95388e+06,1.69223e+06,6066.8,3910.9,721.9,911.1,619492
504493,528432,977.611,1.01606e+06,1.03694e+06,24564.2,24473.9,2.18137e+06,2.01046e+06,7297.5,4634.8,1048.4,821,619690
493879,525041,963.226,1.03729e+06,1.04823e+06,16559.8,15742.8,1.33271e+06,1.22234e+06,4999.1,3161.6,606.1,460,619782
502013,534180,962.344,1.00686e+06,1.04934e+06,17203.1,15995.1,1.12381e+06,1.02399e+06,5550.3,3835.4,630,668.4,619911
479296,493770,993.986,937239,997450,24869.5,22976.9,2.17271e+06,1.95265e+06,5946.8,3845.7,558.5,669.3,620026
452913,470032,986.721,1.00933e+06,1.07901e+06,27104.9,25963.5,2.44004e+06,2.24458e+06,4899.7,3595.9,419.9,684.3,620031
503726,530915,971.564,1.10281e+06,1.16221e+06,29484.8,28688,2.20973e+06,2.02452e+06,6158.5,3645.8,637.6,620.5,620217
517560,545300,971.914,1.37066e+06,1.4369e+06,37725.6,35871.8,2.84189e+06,2.51006e+06,5835.8,3841.1,623.8,488.8,620664
497613,512790,993.702,1.06483e+06,1.11319e+06,1754.5,1852.6,80294,70044.5,5242.8,3305.1,432.9,564,620971
181097,219476,844.952,303207,324195,3606.4,3778.7,15281.8,16134.3,1321.1,1367.5,627.4,764.5,621466
509935,526960,990.932,1.01626e+06,1.04426e+06,27136.7,26456.1,2.21879e+06,2.04219e+06,6826.1,4269.4,1006.6,860.1,623058
505650,528431,979.866,1.02205e+06,1.0623e+06,24042.3,22671.3,2.36168e+06,2.14416e+06,6328.6,4119,711.6,643,686826
469718,491773,978.086,1.19775e+06,1.26661e+06,34628.1,34416.7,2.49276e+06,2.27883e+06,5842.7,3462.3,539.8,625.1,687846
501592,527066,974.51,1.0826e+06,1.13164e+06,25226.9,24231.6,2.2305e+06,2.03234e+06,6186.1,3850.3,734.5,693.5,689249
462976,470315,1008.03,1.69972e+06,1.65711e+06,3593.9,3631.4,17296.9,16272.2,4348.7,2643.3,572.3,532.5,689520
502242,521552,986.102,949536,987193,19064.2,17736.4,1.68162e+06,1.53033e+06,6302.1,4101.3,977.1,915.4,689622
520096,530959,1003.06,768567,794032,11552.3,11031.3,1.07807e+06,985471,5504.1,3839,643.1,603,690052
444398,464181,980.367,990570,1.02778e+06,19319.1,19384.7,1.78496e+06,1.65814e+06,5810.2,3926.3,707.8,649.1,690084
595057,605914,1005.65,1.28031e+06,1.31941e+06,30837.4,29343.6,2.5316e+06,2.28907e+06,10700.6,6274.3,1489,1093.5,690448
820309,638493,1315.6,2.21921e+06,1.80591e+06,67223.7,50807.2,5.44642e+06,4.09134e+06,10826.3,6217.7,1600.4,997.8,691120
496396,522887,972.133,992526,1.04112e+06,23348,21985.7,1.85887e+06,1.70304e+06,6490.1,4178.1,701.1,984.8,691292
469973,485267,991.733,1.18744e+06,1.2587e+06,25848.8,24785.6,2.06753e+06,1.88189e+06,5474.7,3409.2,510.4,599.8,691496
472535,485697,996.251,1.37129e+06,1.45478e+06,14080.4,13568.9,1.63041e+06,1.45402e+06,5523.4,3494.3,809.7,566,691607
489368,507345,987.716,970227,1.01884e+06,16116,15753.4,1.43879e+06,1.32031e+06,5494,3624.7,911.4,734,691971
509986,533815,978.302,1.30584e+06,1.35891e+06,38500.3,37142.5,2.87526e+06,2.58201e+06,5862.3,3880.2,615.9,715.7,692327
497766,533619,955.203,1.01847e+06,1.03449e+06,23949,22821.3,2.09667e+06,1.93145e+06,7122,4965.7,1326.1,1016.3,692391
470616,498943,965.877,1.4549e+06,1.52336e+06,42046.4,41603.2,2.83284e+06,2.54784e+06,5938.7,3672.3,808.8,813.1,693198
500470,515275,994.583,938663,981178,17321.1,16228.9,1.77345e+06,1.61449e+06,6268,4024.7,858.3,715.1,693369
487823,519362,961.819,1.41315e+06,1.49e+06,26495.3,25385.1,1.85728e+06,1.66651e+06,5505.3,3609.8,568,560,694180
508342,530818,980.644,1.26922e+06,1.32712e+06,30686.8,29392.2,2.50271e+06,2.27295e+06,5295.8,3097.2,480,651.8,694397
1.04094e+06,1.03553e+06,1029.36,2.80989e+06,2.74385e+06,81741.8,74430.4,6.27442e+06,5.33721e+06,11146.2,6846.5,1655.4,1174.8,694749
615775,618693,1019.18,69282.1,67307.4,3663.7,3452.1,216336,186021,721.1,816.7,286.4,573.4,695136
404593,421712,982.449,670334,642886,20823.2,19189.5,1.37425e+06,1.21387e+06,4572.7,3276,553.6,504.9,695225
545807,546589,1022.54,153069,144416,444.7,534.5,875.9,1550.1,193.7,426.7,58.7,347.4,695238
529312,509508,1063.81,16604.8,15373.3,147.4,402.2,19659.2,16747.8,76.3,406.2,424.6,396.8,695276
547219,566197,989.686,1.22973e+06,1.1613e+06,2446.9,2256.4,11273.3,9631.1,3114.2,2369.4,272.3,544.8,695285
471394,465598,1036.76,63735.3,63065.5,889.7,846.6,76678.1,63984.7,-89.1,438,-110.5,382,695293
932541,857940,1113.04,481815,467865,6096.3,5370.3,673311,561999,2141.4,1780.3,244.9,322.5,695297
446905,447297,1023.1,50775.3,49679,1431,1511.1,96792.7,84548.3,318.8,588.6,73.5,317.4,695320
284391,286714,1015.71,330228,310796,2967.9,2818,320333,277727,867.5,804.7,62.7,408.5,695358
503857,531819,970.165,1.04237e+06,1.09549e+06,13946.3,13790.6,1.17973e+06,1.10414e+06,6855.2,4331,866.6,686.1,695376
529183,515375,1051.45,15294.6,13634,22,323.4,17524.7,14555.5,-147,457.2,149.1,510,695381
486182,488131,1019.92,577086,547696,5905.1,5372.7,426614,358455,2479.1,1904.6,351.5,539.7,695383
471495,472512,1021.81,105718,100527,4411.4,4251.9,366982,307026,604.7,718.6,5,457.4,695408
472823,505122,958.524,1.30809e+06,1.37674e+06,16040.8,15757.1,1.46073e+06,1.3533e+06,6113.3,3992.8,753.9,551.7,695413
493760,538423,939.068,1.11431e+06,1.10325e+06,21738.2,20638.8,1.81508e+06,1.59803e+06,8160.7,5414.1,776.2,681.7,695424
515274,558689,944.426,1.43917e+06,1.44458e+06,37635.2,36434.6,2.66855e+06,2.39442e+06,5486.4,3821.6,588.4,799.2,695426
667044,656756,1040.05,161814,157171,6885.1,5908.9,502828,425224,755.4,1105.7,-254.3,294.7,695428
1.0631e+06,539382,2018.28,63352.5,29941.5,1116.9,913.3,59065.4,25930,-48.6,411.5,-72.6,426.8,695445
507886,523505,993.45,563852,565020,8519.3,7432.1,557470,495298,2280.7,1622.5,300,513.7,695457
468349,492891,973.019,1.57787e+06,1.65822e+06,45475.6,44450.2,3.08715e+06,2.79217e+06,6107.4,4199,586.8,855.1,695462
431435,432796,1020.79,93646.7,93163.5,4028.4,3837.7,342600,300836,450.4,487.8,5.2,273.1,695467
436748,440128,1016.14,257853,257977,12554.9,12517.5,936811,851424,2602.1,1906.1,387.8,525.8,695476
1.60415e+06,1.34727e+06,1219.25,50640.3,44541.5,-148.4,527.5,-1135.9,472.3,-152.3,339.5,-150.3,467,695479
441508,434655,1040.16,410523,377417,3714.1,3929.7,347721,295100,1295.7,1529.7,345.7,608.7,695485
541279,541776,1023.06,20531.4,18588.3,137.7,344.3,17292.3,13828.5,-54.9,424.2,196.6,426.3,695490
489999,522266,960.737,1.30273e+06,1.33566e+06,30118,28803.2,2.88082e+06,2.61096e+06,5700.8,3733.3,640.6,575.4,695499
472682,492910,981.989,1.03989e+06,1.09898e+06,25300.8,24149.1,2.02472e+06,1.81464e+06,7293.9,4831.9,667.2,778.5,695505
657991,499125,1349.94,143291,104576,1098,1345.1,144264,100082,396,649.7,150.5,509.3,695525
522107,515193,1037.74,8077.6,7315.9,342.7,643.7,10260.6,8212.5,-264.7,273.8,308.4,489.1,695561
227609,242911,959.517,260139,246638,4499.6,4280.1,433019,381733,581.8,886.6,-14.3,354.1,695562
217937,246864,904.037,181770,185066,8441.6,8637,747425,702832,2097.8,1786.9,225.4,411.6,695569
319482,313507,1043.52,46496.2,43581.2,385.6,639.2,36045.7,30196.2,-243,351.8,78.6,478,695570
1.15595e+06,832779,1421.39,797681,624818,37444.9,29383.3,3.42423e+06,2.52102e+06,7148.2,4147.3,1042.7,705.8,695579
311577,248836,1282.21,170118,133452,7638.3,5531.2,698009,505381,3425.7,2228.3,298.1,574.9,695583
501122,517564,991.477,631870,602287,15073,13738.1,965167,814770,2502,2035.3,391.1,474,695589
397993,446883,911.976,521405,524891,10024.1,10244.5,931659,846668,3863.3,2889.5,397.9,445.8,695590
278433,277749,1026.54,261631,235254,1683.1,1619.5,3744.6,2628.7,4863.6,3769.1,367.5,540.2,695601
438616,456192,984.547,601798,657856,19929.3,19423.2,1.58898e+06,1.47796e+06,5107.4,3389.6,628.9,514.1,695608
447826,472628,970.272,948607,995612,22886.7,21681.7,2.37618e+06,2.1342e+06,5335.4,3421,556.8,624.7,695624
446407,457946,998.201,97897.7,96363.5,5528.6,5123.7,424911,372924,860.2,667,285.5,363,695634
473477,479937,1010.22,82616.8,78977.8,4313.2,3587.9,265748,224186,347.3,621.3,-92.3,388.1,695651
332612,307369,1108.1,196456,192675,6869.3,6082.1,689082,588791,1922.7,1395.7,290.1,385.1,695661
203153,235823,882.165,137574,140584,5451.5,5491.6,444646,415593,1601.4,1334.3,202.5,322.4,695665
965926,615148,1607.93,44797.3,27501.2,2080.4,1485.3,175621,104597,70.1,333.6,73.2,412.6,695672
449726,463530,993.51,668884,725475,12560.2,12343,1.02712e+06,952356,3714.5,2400.1,590.3,543.4,695701
348597,311162,1147.2,79357.5,75337.7,3781.7,3569.8,259254,218500,672.3,671,-306.9,175.1,695752
369624,348390,1086.43,45479.5,44195.9,3138.2,2880.2,201128,172816,331.6,508.3,133.3,366.6,695758
357883,342058,1071.38,677172,710135,20707.9,19399.6,2.01062e+06,1.81212e+06,4019.7,2509.1,326.4,432.3,695764
527098,540666,998.305,83190.9,82261.3,3737.9,3549.6,252807,219083,556.1,585.3,140.3,338.3,695772
839910,799998,1075.1,1.72252e+06,1.7443e+06,70919.1,63700.7,5.59377e+06,4.76626e+06,13379.3,7514.7,2156.1,1334.9,695781
1.35545e+06,833959,1664.34,2.69523e+06,1.60301e+06,87571.9,52698.4,6.64371e+06,4.02449e+06,19579.5,10444,2357.9,1414.6,695789
154213,151284,1043.85,150631,139688,2787.9,2818.4,332724,283978,764.5,950.3,-105.6,302.6,695793
364945,338972,1102.47,5264.4,5146.9,-141.1,483.6,24274.8,21449.1,-223.5,293.9,-52.2,537.1,695801
814763,640026,1303.57,2.29113e+06,1.88781e+06,81710.3,61821.1,5.42796e+06,3.99799e+06,9939.4,5157.3,1440.1,1009.6,695823
274533,257393,1092.19,10763.4,9522.4,25.3,373,11218.7,9034.7,-70.8,400.5,-136.5,507.2,695826
373087,342788,1114.52,3734.5,3383.8,-94.1,302.9,15573,12677.4,-194.3,478.7,-112.7,267.3,695833
377187,344547,1121.01,1944.4,1990.8,-116.9,437.9,6328.1,4414.3,-180.3,360.4,-137.3,282.1,695834
378058,350569,1104.3,9278.8,8061.9,185.3,537.5,6761.9,5565.9,238.5,592.2,191,525.2,695862
379807,374319,1039.03,1.17318e+06,1.236e+06,24445.1,23794,1.94239e+06,1.76271e+06,5536.9,3422.2,361.6,600.4,695875
1.34446e+06,926364,1486.17,1.26364e+07,5.66364e+06,12068.2,8387.7,50955.3,34399.9,31884.7,15690.7,1884.1,1215.4,695886
537742,566502,972.024,1.50161e+06,1.55595e+06,35322.9,33059.8,3.10303e+06,2.69441e+06,6184.3,3834.5,502.9,648.3,695942
497051,550136,925.188,1.28915e+06,1.3218e+06,29349.7,28104.9,2.67891e+06,2.46624e+06,5655.2,4049.5,866.4,604.1,696059
364641,366367,1019.2,418627,460312,4238.9,3967.5,456200,420518,3200,2451.1,277.2,534.4,696068
515777,531727,993.296,598594,606441,7324.7,6284.9,599985,529215,1286.6,1444.7,-121.5,428.5,696074
479224,538499,911.287,19864.6,19331.1,89.3,459.2,12698.8,12297,124,505.8,132.5,321.6,696092
403863,418973,987.081,362750,392267,6047.7,5398.4,417987,373936,2717.6,1968.6,272.8,388.7,696106
545535,558201,1000.77,406900,432997,8380.4,8158.4,444577,396499,5165.3,3254.1,666.7,497.6,696175
505171,524677,985.939,637262,622077,16916.9,15867.5,1.32046e+06,1.17264e+06,2865.5,2212.5,417.4,515.2,696221
497549,517839,983.89,763393,762530,14866.1,14164.7,1.23178e+06,1.10323e+06,4083,3072.8,533.8,652,696228
648246,466090,1424.2,1.32867e+06,1.06865e+06,16775,12141.2,1.24942e+06,876342,4614.1,3467.7,429.1,523.4,696355
208244,181565,1174.5,157498,143296,6255.2,5124.7,788770,629854,3.1,625,38.8,320.6,696367
380760,355546,1096.62,599467,611765,10292.4,9134.7,841176,726753,1314.7,1781.1,135.2,474.6,696408
213416,190784,1145.52,342082,323026,16146.1,13246.3,1.27909e+06,1.02323e+06,63.5,499.9,51.5,357.4,696448
504484,523761,986.313,608854,623357,21519.9,20769.8,1.58234e+06,1.46305e+06,4456.6,3192.7,733.5,612.4,696464
204160,185851,1124.89,410771,386752,8260.8,7159.7,762085,620808,231.2,433.5,-46.7,305.1,696523
411566,430748,978.409,72079,75438.4,409.2,553.5,39421.6,36819.2,-226,491.1,-78.1,476.1,696611
341466,302770,1154.88,504892,496618,11866.2,11152.3,971675,834322,364.1,809.5,104.1,465.3,696634
561388,434765,1322.25,1.61031e+06,1.31321e+06,4482.8,4004.5,15090.9,11999.1,5206.8,3030.1,342.5,430.9,696669
504387,532105,970.659,1.25467e+06,1.26632e+06,15492.9,14669.7,1.6194e+06,1.42659e+06,6596,4188.7,505.7,833.5,696675
522148,550436,971.381,1.43539e+06,1.4845e+06,28265.7,26780.2,1.71748e+06,1.51385e+06,5824.1,3952.5,507.7,551,696701
473303,500329,968.689,1.10364e+06,1.13674e+06,27093.3,25780.5,2.60951e+06,2.41048e+06,5766.8,3718.6,876.8,782.1,697015
460406,472532,997.731,1.12368e+06,1.18685e+06,19778.2,18731.6,1.52001e+06,1.3855e+06,5534.1,3431,768,613.5,697080
447511,459185,997.969,934018,991039,16966.9,16164.6,1.6949e+06,1.55801e+06,5669.5,3467,791.6,595.1,697087
440241,458986,982.182,872032,929748,27787.9,27028.5,1.92076e+06,1.76213e+06,6315.8,3782.3,942,657.4,697161
2.992e+06,1.92728e+06,1589.71,1.37637e+07,5.66465e+06,21225.9,14328.9,81829.9,51863,49893.4,25206.2,2759.3,1555.5,697203
505781,522964,990.362,1.05418e+06,1.11685e+06,18747.4,18014.1,1.41975e+06,1.29702e+06,4577,3182.8,793.1,736.3,697205
485279,517286,960.651,1.25729e+06,1.3224e+06,27952.2,26773.8,2.23056e+06,2.0361e+06,5789.9,3400.3,808.9,619.6,697244
505461,521509,992.499,1.26245e+06,1.32047e+06,15638.9,15361,1.48643e+06,1.34933e+06,4439.1,2778.5,510.1,428.4,697670
470254,487801,987.167,1.32456e+06,1.36656e+06,41309.7,39478.7,2.69252e+06,2.4125e+06,6769.5,4120.3,380.3,660.8,698110
483441,495164,999.764,1.41197e+06,1.45405e+06,38654.1,36417.4,3.10539e+06,2.76317e+06,5468.3,3199.5,708,633.7,698503
512856,548762,957.002,1.16453e+06,1.15551e+06,19407.8,17465.4,1.57746e+06,1.37617e+06,8386.7,5526.1,914.2,774.2,698536
440486,463900,972.323,1.00542e+06,1.05238e+06,33214.2,32773.9,2.39183e+06,2.2338e+06,5385.3,3445.1,454.6,755.3,698874
500208,530865,964.866,1.01427e+06,1.04706e+06,28515.9,28030.8,1.9685e+06,1.79254e+06,6212.6,3870.4,906.8,716.6,698979
445532,464995,981.144,1.01087e+06,1.05659e+06,16344.4,16409.5,1.41342e+06,1.31897e+06,6258.5,3857.4,837.7,656,698998
470474,495038,973.199,1.10506e+06,1.16318e+06,33554.1,32287.1,3.24616e+06,2.97315e+06,6015.1,3748.7,818.8,750.5,699064
445993,458206,996.719,953489,991662,24634.9,23588,1.6552e+06,1.50078e+06,4862.6,3003,731.5,671.4,699212
542549,571337,972.405,920593,929479,19103.6,18102.8,1.51276e+06,1.32621e+06,6749.8,4342.6,784.8,891.8,699441
478198,488737,1001.92,1.29389e+06,1.36732e+06,29039.7,27498.4,2.55517e+06,2.29536e+06,4645.2,3163,505.9,564,699675
664388,672746,1011.28,884322,852770,17025.1,15401.2,1.27046e+06,1.10568e+06,4329.7,2928.3,373.1,460.9,699795
1.39722e+06,787170,1817.6,3.76815e+06,2.33054e+06,113372,71881.4,7.89416e+06,4.8576e+06,21753.3,9965.8,3103.5,1461.2,699803
504276,548272,941.828,1.44031e+06,1.45889e+06,36074.7,34867.1,2.74835e+06,2.46438e+06,6005.9,4205.5,527.1,651.5,700006
492744,532538,947.484,1.17673e+06,1.20062e+06,28884.4,28064,2.55191e+06,2.34942e+06,5388.7,3774.8,900,715.7,700039
454649,464814,1001.62,999684,1.05875e+06,30540.6,29481.7,2.32868e+06,2.13853e+06,4450.2,2916.6,833.9,721.3,700071
516680,542165,975.873,1.01512e+06,1.03352e+06,17941.2,17120.9,1.78689e+06,1.61681e+06,3896.8,2382.2,606.4,549.5,700076
510015,519503,1005.31,465251,476495,4685.8,3968.4,444199,395753,2400.4,1733.9,197.1,619.7,700102
470152,486909,988.768,1.1955e+06,1.24398e+06,21219.6,20517.3,2.07742e+06,1.92466e+06,6235.9,3988.7,773.3,748.5,700166
824958,613742,1376.42,2.17326e+06,1.68609e+06,47062.6,37385.8,3.833e+06,2.92824e+06,11193.6,5956.4,1651.3,1006.5,700235
618243,640574,988.311,1.33306e+06,1.32653e+06,28547.8,25040.7,2.64953e+06,2.23417e+06,6652,4289.5,724.1,701.2,700255
461591,468888,1008.06,855853,918733,34744.6,32646.8,2.47705e+06,2.20871e+06,4834.5,2942,776,516.6,700294
512564,543553,965.62,1.11906e+06,1.14017e+06,41233.1,39597.2,3.45315e+06,3.22502e+06,7727.2,4965.5,1042.7,946.8,700307
543861,444975,1251.58,1.32062e+06,1.10503e+06,22999.9,21670.2,1.87625e+06,1.73161e+06,6505.1,3718.8,591.8,772.8,700312
544288,571620,975.042,1.05458e+06,1.03334e+06,9628.9,9158.5,914868,788865,2892.2,2290.9,258.5,461.5,700332
452816,461766,1004.16,561308,608216,14872.1,14623.4,1.50208e+06,1.39898e+06,3686.8,2580.5,455,726.4,700374
492858,521054,968.598,986661,1.03124e+06,21310.3,21363.2,1.70058e+06,1.57908e+06,7040.2,4567.4,947.5,759.9,700426
575457,593270,993.263,931436,958570,24444.1,23145.3,1.89631e+06,1.72176e+06,6288.3,4060.6,717.6,683.6,700463
114691,135544,866.505,334869,374354,1030.3,1065.6,3445.1,3637.9,691.8,614.7,-139.8,249.5,700579
456864,471015,993.25,1.16457e+06,1.23914e+06,21460.7,20080.2,2.08867e+06,1.84952e+06,8272.9,5149,1255.2,1006.6,700598
526086,573011,940.147,1.23003e+06,1.24003e+06,39619.6,37076,3.12014e+06,2.74277e+06,7888.9,4872.9,1143.7,743,700608
757123,745465,1040.02,866352,849430,20314.3,17292.1,1.72138e+06,1.37323e+06,4241.9,2771.9,359.3,510.7,700616
526870,548947,982.823,1.11623e+06,1.11694e+06,20749.9,19254,1.54799e+06,1.35096e+06,3332,2510.1,254,638.5,700660
503637,536514,961.253,967502,975609,36789.3,35555,2.31106e+06,2.10792e+06,6584.9,4539.3,1112,895.2,700700
437146,435544,1027.78,651008,691400,12320.5,11438.5,1.24872e+06,1.06679e+06,5812.2,3698.6,970.1,879.8,700705
541612,551300,1006.01,411497,439604,9360.4,8667,958164,834736,2488.2,1989,537.6,542.6,700843
493064,528793,954.811,1.14302e+06,1.18182e+06,34032.8,33214.7,2.42131e+06,2.24065e+06,6026,3883.7,843.7,991.1,700965
418443,461488,928.502,3.51073e+06,3.79699e+06,4016.3,4202.4,15909,16253.5,7147,4763,339.7,436.8,700995
498617,527579,967.791,868074,868093,21670.8,20711.5,1.54174e+06,1.37034e+06,3790.8,2645.6,204.8,449.6,701015
524358,558484,961.435,1.24754e+06,1.24981e+06,23515,21994.2,2.00294e+06,1.77329e+06,6622.3,4361.9,787.6,817.8,701170
442587,460038,985.166,949797,982030,20929.8,20648.2,1.4255e+06,1.30714e+06,6434.7,3747,807.4,594.2,701325
1.92343e+06,1.70082e+06,1158.03,4.9218e+06,4.36227e+06,170054,143532,1.18770e+07,5.68823e+06,33101.3,19039.9,4255.1,2493.6,701336
2.91673e+06,1.68612e+06,1771.37,9.85989e+06,5.5304e+06,15072.9,8178.6,62952.4,30395.3,31079.9,15221.4,2568.5,1606.5,701478
486991,526350,947.439,1.03301e+06,1.0463e+06,15569.5,14998.1,1.50357e+06,1.39023e+06,6226.3,4119,1080.8,769.8,701508
527363,552717,977.034,1.33676e+06,1.38825e+06,35028,33725.8,2.88854e+06,2.59575e+06,5140.3,3579.3,599.8,557,701560
518792,539533,984.642,1.1094e+06,1.1503e+06,23538.1,22976.6,1.77619e+06,1.6174e+06,5315,3253.6,395.2,482.2,701563
514501,533954,986.697,325768,346320,7332.4,6720.1,758666,682263,1380.7,1365.1,133.4,393.4,701575
436915,448086,998.482,740310,787986,36948,34662,2.63816e+06,2.3157e+06,4430.9,2915.3,569.7,647.9,701656
509453,530044,984.227,601556,589777,14940,13862.5,1.16641e+06,1.02773e+06,2809,2020.6,326.6,602.3,701662
443310,449440,1010.03,377615,400038,24654.4,23500,1.5502e+06,1.40288e+06,3765,2534.4,523.7,582.8,701739
615652,627327,1004.95,764242,737299,20114.8,17619,1.37821e+06,1.15401e+06,4664.7,3208.7,408.8,653.1,701821
1.40196e+06,1.13699e+06,1262.64,3.04558e+06,2.45063e+06,72670.1,57768.7,6.17184e+06,4.73957e+06,16737,9132.3,2087.7,1205.2,701921
920551,855426,1101.96,2.84993e+06,2.57202e+06,87209,74689.9,5.50466e+06,4.48107e+06,15515.4,9026.8,2242.9,1358.5,701946
493965,535173,945.161,1.02146e+06,1.03595e+06,28890.9,27645.9,2.29102e+06,2.10443e+06,5955.4,3859.1,805.3,565,701964
443047,456449,993.935,1.0689e+06,1.12873e+06,29754.2,28085.7,2.43695e+06,2.23937e+06,6157.1,3857.3,1196.1,858.6,702045
500521,521664,982.512,635804,619589,12484.7,11602,1.07178e+06,944980,2548.3,2250.5,338.1,463.2,702068
497715,534115,954.219,1.41602e+06,1.47566e+06,44770.8,44055.9,2.8849e+06,2.63693e+06,6182.5,4176.7,1049.6,962.2,702153
687304,493048,1427.44,5.35991e+06,4.06323e+06,4797.1,3590.2,15676,12180.2,15933.5,9330.4,772.9,656.6,702280
459107,460803,1020.24,661348,706600,23320.3,22386.2,1.60722e+06,1.47085e+06,3802.8,2618.9,447.1,664.9,702311
495596,536790,945.426,1.13072e+06,1.1495e+06,45024.2,43885.5,2.69191e+06,2.46723e+06,5232.2,3425.7,657.3,699.6,702312
195969,227892,880.574,358385,382865,3484.2,3425.9,13383.7,13794.1,630.8,930,577.2,722.1,702432
492050,530716,949.401,1.01543e+06,1.04374e+06,25909.1,25282.6,2.28977e+06,2.11552e+06,6824,4498.7,894.9,712.2,702435
507670,532856,975.599,794396,792867,17652.5,16781.7,1.58619e+06,1.42133e+06,3439.6,2188,382.7,606.6,702438
502680,521485,987.083,417718,439083,9632.3,8864.8,860828,757131,2582.4,2056.5,140.6,538.7,702469
481228,504094,977.561,877608,926298,22050.2,20840.3,1.44935e+06,1.3222e+06,6025.2,3528.1,448.5,543.2,702546
723765,708383,1046.24,1.96075e+06,1.93093e+06,69371.6,58492.5,5.055e+06,4.0309e+06,12720.6,7493.3,1568.4,1214.5,702560
540560,555354,996.724,526936,553805,8447,8037.4,691360,612283,1753.7,1570.8,208.8,478.3,702709
823206,617875,1364.3,1.50967e+06,1.16916e+06,46061.4,34356.7,3.31772e+06,2.41591e+06,10111.8,5347.8,1419.9,954.1,702922
468980,485002,990.174,1.33012e+06,1.38968e+06,31517.5,30173.5,2.24651e+06,2.00118e+06,6188.7,3964.3,633.9,866.9,702959
526719,553465,974.516,1.07099e+06,1.08377e+06,13194.7,12042.6,1.19262e+06,1.03535e+06,4480.2,3103,405.9,626.8,702997
1.7742e+06,1.39276e+06,1304.45,3.99298e+06,3.12015e+06,90818.8,68099.8,8.5571e+06,5.56829e+06,26384.6,13058.5,3055.9,1806.2,703109
628115,639413,1005.91,632226,643419,13018.7,11509.4,977262,829606,3298.1,2410.3,625,636.5,703121
504876,539589,958.133,1.0851e+06,1.11077e+06,17071.6,16429.5,1.21481e+06,1.10856e+06,5237,3778.6,510.2,555.8,703133
449642,453810,1014.6,519348,564773,17332,17317.9,1.63849e+06,1.52271e+06,4003.2,3317.9,413.4,618.9,703280
451466,473235,976.901,881939,938752,18616.7,17727.2,1.52915e+06,1.39584e+06,6208.1,3863.2,561.2,700.8,703361
505668,525922,984.566,1.05418e+06,1.05789e+06,31327.7,28933.1,2.74317e+06,2.43347e+06,6959.6,4259.4,789.9,824.5,703369
501872,541537,948.999,1.00478e+06,1.00825e+06,21635,20032.2,2.04449e+06,1.87111e+06,5892.7,4062.8,1070.8,738.5,703378
493333,537837,939.277,1.10438e+06,1.13143e+06,35852.6,35367.1,2.5444e+06,2.35376e+06,6070.8,3989.2,788.4,755.9,703417
708671,713563,1016.98,1.81298e+06,1.78204e+06,52090.7,44904.8,3.74869e+06,3.03576e+06,11879,7126.2,1287.2,968.6,703668
459774,478095,984.774,951602,1.01627e+06,14446.1,14194.8,999028,914587,6282.7,4131.7,402.7,504,703690
431874,442757,998.84,831583,885186,20500.4,20086.9,1.71222e+06,1.55345e+06,5224.9,3221,1052,679.2,703691
431229,449218,982.997,990272,1.03041e+06,27471.1,26866,1.97735e+06,1.83346e+06,5607.3,3338.2,661,570,703721
498615,533919,956.301,1.01379e+06,1.02653e+06,18466.5,17839.7,1.48454e+06,1.35956e+06,6942,4771.5,548,670.7,703797
513044,527696,995.567,619468,607250,11938.8,10909.9,1.00197e+06,881505,2355.1,1595.5,267,576.8,703861
692168,710063,998.202,1.45815e+06,1.4357e+06,42595.3,39461.7,3.55249e+06,3.17986e+06,9585.1,5578.3,1188.3,1054.8,703874
517204,551282,960.702,1.21116e+06,1.23892e+06,28986.3,27103.4,2.02014e+06,1.80307e+06,4753.2,3071.8,550.5,524.2,703920
509168,536143,972.49,1.00389e+06,989995,13637.8,12757.1,1.42137e+06,1.24818e+06,3045.7,2071.1,115.6,464.5,703987
441253,450318,1003.4,483632,523439,19327,18360.5,1.37964e+06,1.27107e+06,3588.4,2682.8,584.4,616.6,704006
506928,538660,963.684,973244,1.01236e+06,19933.4,19544.3,1.5825e+06,1.44533e+06,5883.1,4122.1,455.9,555.6,704015
940312,736724,1306.98,2.61385e+06,2.06486e+06,62437.1,47260.5,5.68721e+06,4.17155e+06,16905.6,9549.9,2005.7,1554.3,704045
502894,529860,971.892,1.00141e+06,1.03456e+06,11544.1,11111.8,1.12033e+06,1.02209e+06,4465.4,3213.4,559,739,704090
645810,636234,1039.41,1.52194e+06,1.52504e+06,70388.9,60337.1,4.23227e+06,3.44737e+06,11942.8,6517.8,1244.5,1057,704107
522934,573455,933.796,1.42943e+06,1.44171e+06,37942.5,36203.4,2.30098e+06,2.04224e+06,5879.2,4046.1,358.9,733,704109
503670,536431,961.474,993310,1.00401e+06,26924,25639.8,1.79363e+06,1.61691e+06,4319,3157.4,585,481.2,704127
500666,535940,956.609,1.01585e+06,1.051e+06,26428.6,25109.6,2.15322e+06,1.95238e+06,6204,4211.3,591.1,705.1,704183
492597,531858,948.413,974745,1.0101e+06,26505.9,25914.4,2.1057e+06,1.9144e+06,5233.6,3362.9,957,1008.2,704265
503419,533758,965.804,961786,981641,20991.6,19804.8,1.83809e+06,1.63431e+06,4858.7,3381,503.8,813.9,704333
511535,534201,980.552,534739,544418,12434.5,11469.8,840611,748832,1786.4,1531.4,268,566.7,704382
192182,218944,898.832,216684,228333,1220.6,1462.1,5062.2,5913.6,328.8,728.2,310.9,460.3,704399
466729,481024,993.585,1.23224e+06,1.27302e+06,30504.9,28197.8,2.16859e+06,1.89947e+06,6657.6,4325.8,827.4,631.4,704407
911869,927977,1006.23,1.6823e+06,1.79899e+06,49905.1,48032.9,4.1434e+06,3.76199e+06,10512.1,6199.3,1507.9,1021.7,704455
461268,479308,985.468,1.55105e+06,1.63676e+06,27117.9,26592.4,1.71686e+06,1.55478e+06,6268.8,3738.6,773.9,620.8,704549
612222,634608,987.876,1.14413e+06,1.13192e+06,28809.3,25455.3,2.27832e+06,1.90889e+06,7179.2,4577.9,1134.5,856.9,704657
507182,543110,956.27,1.33552e+06,1.38178e+06,35539.2,34621.4,2.67039e+06,2.45204e+06,6484.5,4084.7,765.6,837.9,704664
536560,564108,973.999,924744,920352,29834.5,27810.3,2.25753e+06,1.94144e+06,5625.3,3684.8,512.8,682,704708
476180,493976,987.108,1.12363e+06,1.18297e+06,27005.8,25335.1,1.99225e+06,1.76011e+06,7273.4,4575.5,1271.6,977.9,704769
522170,539186,991.688,896268,877702,14893.2,13986.2,1.18411e+06,1.03849e+06,2557.4,2272.5,496.8,632.5,704835
509260,533511,977.464,756009,762728,19038.7,18409,1.44695e+06,1.32104e+06,4330.8,2756.9,311.5,558.1,704857
520771,551375,967.173,942524,935724,13110.4,12266.7,1.12558e+06,958862,5204.8,3554.3,479.3,567.6,704863
844634,715871,1208.2,2.30008e+06,1.97404e+06,62539.2,51636.3,4.82197e+06,3.83792e+06,12992.9,7020.3,1334.8,922.2,704879
5.48542e+06,2.79173e+06,2012.04,8.45276e+06,5.24654e+06,11576.3,6095.6,49844.4,25700.4,21595.1,10341.6,1672.8,1161.8,704927
934674,961639,995.293,2.22621e+06,2.27383e+06,56213.5,52205.6,4.50071e+06,3.99258e+06,14492.2,8692.4,1701.1,1302.5,705067
459174,471790,996.628,897453,955039,39102.1,37260.7,2.39491e+06,2.13528e+06,6563.5,4005.1,934.3,655.7,705103
432628,443730,998.385,776782,836941,18937.4,18609.9,1.39857e+06,1.28722e+06,4711.1,3046.2,166.4,475.9,705111
528789,552052,980.855,1.52739e+06,1.58572e+06,61117.2,57807,3.51329e+06,3.09848e+06,6185,3773.5,819.8,647.6,705137
516902,532344,994.309,470311,482127,1776.8,1824.7,85984.7,76453.8,1963.3,1525,323.6,402.2,705315
414215,421311,1006.77,737878,782486,21372.5,19961.2,1.94113e+06,1.77054e+06,5222.9,3056.8,667.4,842.4,705356
537988,568130,969.675,898732,882664,27141.4,25185.9,1.80081e+06,1.58141e+06,3215.2,2088.7,463,659.7,705400
502416,534069,963.318,1.0238e+06,1.03649e+06,27571.2,26483.6,2.12213e+06,1.93888e+06,5270.2,3826.9,710.2,552.9,705406
471715,500204,965.684,1.08195e+06,1.13218e+06,18790.9,18813.2,1.47766e+06,1.37691e+06,5997.4,3995,785.5,882.9,705531
156840,183603,874.748,351066,385468,3171.4,3825.5,13828.1,15604.4,2654.7,1849.4,751.1,667.6,705595
495297,533835,950.081,978636,1.00202e+06,29858.5,28900.8,2.17376e+06,1.98601e+06,6062.2,4114.9,664.9,695.2,705632
823224,622856,1353.41,1.9546e+06,1.46976e+06,49022.8,36680,3.61605e+06,2.68483e+06,12539,6857.2,1612.6,1192.5,705664
425079,437882,994.063,956717,1.00121e+06,22720.4,21885.7,1.62541e+06,1.50031e+06,5134.7,3258.3,513.7,589.7,705685
448838,476451,964.657,1.08687e+06,1.14392e+06,25224.4,24946.7,1.96683e+06,1.84865e+06,6328,3659.4,667.6,932.9,705715
450284,465578,990.364,615899,673701,17291.7,16576.1,1.41521e+06,1.318e+06,3280.4,2326.8,730.9,713.6,705729
498331,530672,961.594,969203,978466,30133.1,28613.5,2.41395e+06,2.20499e+06,6685.4,4570.4,696.6,738.3,705748
502579,544952,944.39,1.02633e+06,1.02555e+06,18642.4,17714.7,1.57168e+06,1.4137e+06,5943.8,4127.9,645.8,560.6,705828
502001,515542,997.116,472084,490330,14316.8,13654.1,1.13066e+06,1.00574e+06,3022.9,2325.1,311.6,706.3,705841
500955,535426,958.078,1.00093e+06,1.03402e+06,38278.7,38054.6,2.89946e+06,2.66743e+06,6484.5,4012.7,679.1,694.7,705859
501766,546019,941.013,1.22751e+06,1.28188e+06,39260,39026.1,2.73462e+06,2.54164e+06,6310.8,4280.6,567.9,593.1,705874
673234,672467,1025.17,1.38852e+06,1.43838e+06,35616.3,33560.2,2.95213e+06,2.61912e+06,10930.1,6380.6,1597.5,1204,705885
434713,443764,1003.12,568364,608819,15462.1,15064.1,1.42524e+06,1.32575e+06,4730.6,2787.4,560.5,569.1,705947
169383,195507,887.182,291652,316169,3467.1,4179.6,13773.3,14416.6,1800.9,1465.2,897.1,690.9,706027
421667,436582,989.031,1.01888e+06,1.06587e+06,35847.3,34632,2.69384e+06,2.47842e+06,5524.4,3361.9,426.8,590.8,706039
489164,525358,953.462,1.04325e+06,1.05766e+06,35574.8,34441.1,2.55944e+06,2.31427e+06,6481,4252.2,762.5,768.5,706100
467919,492910,972.092,1.04725e+06,1.09141e+06,26670.1,26264.9,2.21463e+06,2.05562e+06,6760.6,4428.2,714.5,667.9,706135
171994,197762,890.584,273856,299394,3280.4,4188.4,13645.4,13774.2,1073.7,1100.9,616.6,671,706161
452003,460992,1004.03,1.19518e+06,1.24289e+06,38742.5,36667.8,2.56573e+06,2.27711e+06,6094.3,3898.8,713.5,591.7,706224
823235,655635,1285.77,2.03579e+06,1.70728e+06,56714.7,45324.5,4.74278e+06,3.68109e+06,13388,7586.4,1776.6,1056.8,706300
449775,461925,997.075,1.08449e+06,1.12189e+06,39652.1,37138.1,2.40969e+06,2.11034e+06,7071.8,4432.2,904.4,946.9,706309
4.35664e+06,1.36214e+06,3275.15,1.35938e+07,5.12252e+06,20389.8,8860.4,74721,32241.9,38299.1,12540.5,3337.9,1477.5,706428
1.03726e+06,948023,1120.4,1.59015e+06,1.43158e+06,33030.8,28799.4,2.59707e+06,2.14192e+06,6019.5,3940.5,525,709.3,706430
439886,447242,1007.16,460434,492051,21780.9,20878.8,1.39396e+06,1.28842e+06,4816.6,2942.1,916.9,740.9,706557
1.2573e+06,953618,1350.1,2.98666e+06,2.28305e+06,65176.1,49818.1,6.3687e+06,4.69129e+06,21553.3,10666,2738,1677.6,706594
451571,452854,1021.11,1.24428e+06,1.31106e+06,22008.8,21223.8,2.36795e+06,2.10248e+06,4691.5,3159.4,630,689.2,706715
485620,535843,928.029,1.13242e+06,1.17108e+06,31204.1,30240.8,2.69642e+06,2.49032e+06,4876.3,3508.5,584,709.1,706731
507429,462611,1123.21,2.22683e+06,2.09345e+06,5475.2,4672.3,15686.4,12690.2,9098.8,5282.6,459.7,547.1,706851
659405,627263,1076.48,1.24542e+06,1.28399e+06,39933.2,34252.3,3.72014e+06,3.05252e+06,10159.1,5673.3,1259.6,921,706886
495114,540342,938.297,1.09602e+06,1.1313e+06,27488.6,26988.6,2.1039e+06,1.96085e+06,5823.5,3842.8,820.4,869.1,706937
1.6074e+06,1.13862e+06,1445.6,2.14437e+06,1.65241e+06,53743.8,42190.6,4.84218e+06,3.60855e+06,13698.6,7810,1651,1269.5,706959
488858,513959,974.003,1.17273e+06,1.20915e+06,21198.9,19750.1,1.62309e+06,1.4507e+06,8276,5529.3,1110.4,898.9,707132
501106,541584,947.48,1.10908e+06,1.15692e+06,25453.6,24833.9,2.42513e+06,2.25549e+06,4859.3,3617.6,673,774.1,707263
521534,533418,1001.19,917987,950102,17171.6,16829.7,1.83458e+06,1.6848e+06,4658.4,3360.5,533.8,630.1,707282
197544,228051,887.028,348823,367470,3759.1,3921.6,14561.7,15213.8,897,788.8,488.3,961.4,707306
475012,500905,971.068,1.39682e+06,1.47368e+06,22437.3,21427.3,1.82989e+06,1.64455e+06,5459.1,3580,605.6,585.6,707324
447300,474941,964.414,1.13212e+06,1.19147e+06,25087.2,24472.8,1.84171e+06,1.72342e+06,6350.8,4069.6,827.9,670.8,707409
500791,523456,979.675,587232,586365,10106.5,9316.7,994066,877712,2890.9,2119.6,644,601.8,707424
524368,539171,995.891,691255,692209,15171.1,14589.2,1.18301e+06,1.04807e+06,1950,1632.4,372.7,538.5,707456
526937,555387,971.549,1.12747e+06,1.13643e+06,14581.2,14077.5,1.28274e+06,1.13829e+06,3203.7,2538.3,199.1,604.6,707495
821498,634538,1325.71,2.49956e+06,1.96869e+06,69028.5,52305.5,4.56237e+06,3.26733e+06,13150.7,7218,1871.7,1048.9,707522
514090,557259,944.679,1.09187e+06,1.11042e+06,25591.8,24705.6,1.79465e+06,1.6515e+06,6137.1,4454.2,639.5,857.3,707692
519271,539051,986.43,914392,932476,19341.3,18918.5,1.53018e+06,1.39231e+06,3792,2535.7,214.3,681.9,707703
430289,444968,990.218,1.00491e+06,1.05702e+06,26593.8,26105.7,2.30357e+06,2.15129e+06,6142.8,3483.8,709.8,616.8,707753
781571,772720,1035.73,1.3067e+06,1.25658e+06,33717.9,29385.6,3.18719e+06,2.64366e+06,7518.3,4953.3,720.6,870.3,707768
493326,530038,953.086,1.10153e+06,1.11798e+06,25170.1,24961.4,2.51449e+06,2.30641e+06,5829.2,3847.1,841.9,587.6,707790
435669,451214,988.734,1.3021e+06,1.35702e+06,33527.7,32453.3,2.58123e+06,2.34784e+06,6005.2,3359,764.5,730.7,707958
481948,505902,975.525,983396,1.01516e+06,28562.2,28058,2.27727e+06,2.09224e+06,6410.4,4463.4,717.1,988.7,707958
194298,226688,877.718,282454,304010,3201.7,3241.1,10756.7,11715.3,742,814.1,485.9,488.8,707963
497023,518475,981.638,1.01622e+06,1.05797e+06,24658.8,24298.6,1.48292e+06,1.35173e+06,5935.3,3925.3,667.8,560.5,708067
514423,531194,991.673,901041,942057,14382.7,13996.9,1.13727e+06,1.03477e+06,5175.3,3613.3,896.4,779.5,708666
917595,693980,1353.96,2.15607e+06,1.64367e+06,131869,102966,1.425e+07,5.6913e+06,16300.9,8421.4,2862.3,1732.8,708772
490555,531088,945.847,1.08768e+06,1.11616e+06,19779.6,18909,1.51849e+06,1.40235e+06,6262.8,4008.8,554.4,673,708814
507618,534478,972.549,878501,903493,20058.7,19188.2,1.21435e+06,1.10621e+06,5166.7,3631.6,636.6,632,709031
528058,557504,969.914,1.47632e+06,1.51573e+06,28957.8,27344.3,3.23888e+06,2.89234e+06,6474.2,4337,965.9,876.5,709126
474339,492244,986.76,1.16698e+06,1.21403e+06,32784.3,31238.8,2.49722e+06,2.21659e+06,8438.4,5336.3,1460.4,979.3,709217
490784,519796,966.854,991381,1.01292e+06,23669.6,22253,1.87418e+06,1.69436e+06,6368.6,4133.6,778.9,716.6,709488
524334,548188,979.448,1.55268e+06,1.61658e+06,33032.2,31257.2,2.73758e+06,2.42739e+06,5890.7,3722,791.5,912.2,709516
443568,461288,984.662,926346,987529,31523.9,30635.2,2.22851e+06,2.04109e+06,6399.6,3978,763.7,905,709698
509328,532306,979.8,1.48795e+06,1.53775e+06,30813.8,29202.8,2.97904e+06,2.67982e+06,6223.7,3842.8,562.4,712.6,710006
502674,522939,984.323,755092,761059,24464.9,23556.9,1.82208e+06,1.65851e+06,4313.5,2858.4,657.9,823.4,710105
498970,521940,978.942,973077,1.01282e+06,28207.9,27068.7,1.69213e+06,1.54329e+06,6196.3,4430.4,805.3,804.3,710129
643261,658161,1000.82,1.87284e+06,1.92813e+06,22928.2,21348.3,950888,831330,8014.2,5085,706.7,921.9,710394
195216,219560,910.46,328794,350932,4365.4,3839.5,14407.6,14667.2,691.7,750.8,441,464.5,710446
504365,525428,982.956,1.16286e+06,1.18958e+06,35889.2,34760.5,2.70455e+06,2.49162e+06,5852.5,3768.8,715.8,641.2,710528
511367,528815,990.226,978431,994673,28202.6,26826.8,1.84725e+06,1.67407e+06,4293.5,3096.3,566.7,641.7,710588
509732,533352,978.665,754272,735207,13547.4,12671.2,923542,820548,2261,1533.4,205,483.4,710590
512824,546777,960.415,1.42447e+06,1.45923e+06,29408.2,28481,2.84325e+06,2.56646e+06,6234.1,3933.6,741.6,571.4,710596
456996,466890,1002.3,905192,964690,13216.8,13100,1.10168e+06,1.01946e+06,5102.4,3045.7,595.6,471.1,710625
498429,518004,985.31,900298,936505,53931.3,52996,2.25183e+06,2.05457e+06,8050,4827,1353,1263.5,710703
431928,453244,975.849,962632,999025,26287.7,25515.3,2.0518e+06,1.8931e+06,6151.2,3879.9,684.5,841.2,710773
505477,541573,955.759,1.26031e+06,1.27588e+06,21642,20736.2,2.29405e+06,2.08753e+06,5402,3523.5,595.9,495,710845
486031,520705,955.813,1.03049e+06,1.05763e+06,16910.6,16275.4,1.34312e+06,1.24064e+06,7537.7,4883.3,951,676.9,710865
524257,542574,989.441,458745,480792,8210.5,7683.1,667433,595301,1535,1236.4,244.6,564,711017
1.14529e+06,741920,1580.74,939783,649150,50431.2,32277.5,3.40034e+06,2.12485e+06,10901.6,5848.5,1250.4,950,711096
165428,191726,883.571,351143,386703,4422.4,4223.5,14638.9,15377,1622.2,1165.9,824.8,784.6,711112
463297,470680,1007.94,443653,476490,11755.1,11831,743695,687727,2789.8,2287.8,311,646.7,711118
345749,344719,1027.08,1.90213e+06,1.92967e+06,4136.6,4133.1,15190.5,13883.9,6832,4347.2,523.2,406.1,711119
1.01243e+06,866397,1196.61,1.07333e+06,931294,14726.5,12427.6,1.66795e+06,1.32798e+06,3884.4,2586.1,454.8,786.5,711157
492181,536520,939.373,983289,987777,35829.2,34422.4,2.51459e+06,2.28325e+06,6066.8,3914.7,453.5,508.2,711222
507388,536596,968.268,1.46698e+06,1.52178e+06,33303,31238.1,2.81977e+06,2.54481e+06,6548.5,4244.9,982,978.6,711242
520853,550435,968.972,1.0896e+06,1.12442e+06,38786,36623.6,2.81044e+06,2.49423e+06,7393.6,4728.7,832.4,800.9,711252
502464,528564,973.443,1.04787e+06,1.05826e+06,29385.3,28200.6,2.31028e+06,2.112e+06,6319.7,4198,798.4,668.2,711303
507704,545066,953.812,1.23406e+06,1.27369e+06,30612.3,29907.5,2.54636e+06,2.30651e+06,4937.5,3690.7,409.4,420.7,711354
2.66568e+06,1.32665e+06,2057.56,2.39628e+07,5.66373e+06,25333.5,12848,116687,56667.4,75939.3,34303,3913.6,2069.1,711396
502578,524686,980.864,794872,774591,11780.5,11097.5,778058,683247,2196,1746.2,265.1,373,711443
456982,464488,1007.45,565883,577556,13814.1,12831.9,1.42259e+06,1.2597e+06,4379.7,2831.8,749.5,871.2,711521
401505,401216,1024.76,639919,689014,14538.6,13646.6,1.09794e+06,984061,4720.3,2836.9,713.1,868.2,711539
447122,460419,994.432,1.12818e+06,1.16131e+06,22934.5,21925.4,1.75989e+06,1.55861e+06,7022.7,4267.4,1041.9,985.5,711572
501669,524249,979.896,1.25301e+06,1.33033e+06,21590.6,20241.3,1.71117e+06,1.53342e+06,6988.8,4323.3,937.5,986.1,711591
170903,202247,865.329,299997,325026,3510.1,3999.9,12440.2,13984.5,2304.8,1936.2,460,810.8,711600
479640,493467,995.311,976239,1.0388e+06,34210.2,33124.4,2.39098e+06,2.1846e+06,5925.2,3827.2,763.1,712.6,711673
508352,531686,979.069,928841,940834,17499,16684.6,1.50671e+06,1.36235e+06,4024.1,3017.3,429.5,503.2,711680
421610,430186,1003.59,1.15485e+06,1.21408e+06,20702.4,19725.2,1.96983e+06,1.74152e+06,6412.3,4130.4,679.7,626.1,711687
182995,214131,875.114,353883,377511,3669.5,4314.1,14848.5,14977.4,895,1100.7,454.1,670.5,711691
479669,519855,944.855,921240,918518,18093.8,17197.3,1.23287e+06,1.11581e+06,6290.2,4319.8,584.9,713.3,711731
543572,567797,980.32,463588,465061,14588.3,13591,867102,749367,1675.4,1300.9,378.8,580,711773
462130,459745,1029.31,1.00662e+06,1.05691e+06,31366.3,28919.8,2.62435e+06,2.27133e+06,5856.5,3666.1,663,683.1,711797
505745,531162,975.004,777312,771144,14332.5,13375.5,1.33427e+06,1.19401e+06,3264.4,2404.7,480.4,596.4,711842
441953,459524,984.851,1.08581e+06,1.14893e+06,11506.8,11081.7,1.341e+06,1.22034e+06,4982.3,3069.1,653.1,726.3,711872
472251,491660,983.583,1.01094e+06,1.05175e+06,15993.4,15446.8,1.63317e+06,1.51045e+06,7413.5,4839.5,932.4,785.8,711900
449313,460362,999.428,1.13048e+06,1.20574e+06,27185.8,26861.5,2.09591e+06,1.91813e+06,5005.3,2847.9,765.2,789.5,711910
428235,442293,991.463,871193,929184,22313,21704.3,1.98821e+06,1.83543e+06,6130.4,3701.2,754.2,735.7,711918
470647,480686,1002.63,169025,170554,4864.9,4977.9,463476,415176,1600.2,1099.7,338.3,599.4,711945
452783,467758,991.228,1.0805e+06,1.13079e+06,19817.5,19541.1,2.12875e+06,1.9781e+06,6209.4,3980.3,812.6,599.8,712034
472544,489712,988.116,977880,1.03598e+06,30678.8,29889.5,1.99154e+06,1.82035e+06,4634.8,2899,378,566.9,712049
463038,471328,1005.99,581974,551908,13686.3,12594.8,1.01218e+06,865862,2131.1,1841.9,389.6,504.8,712084
484142,521779,950.141,868648,887662,13972.2,13230.5,1.17801e+06,1.08042e+06,5335.6,3749.5,944.9,781.4,712086
431516,426540,1035.95,261838,276378,6386,5915.7,650224,587028,2653.1,1616.2,609,858.1,712096
817299,783372,1068.35,72200.7,66550.7,1980,1929.4,154788,129764,212.3,465.1,-5.9,408.7,712134
514324,534137,986.017,853138,842972,28373.6,27325,1.75434e+06,1.55808e+06,2818.4,2343.2,381.2,472.3,712152
519870,528985,1006.36,187917,191023,4640.1,4149.1,357417,319713,518.1,650.4,-170.8,256.2,712154
530271,551872,983.933,1.43272e+06,1.42099e+06,27494.8,25265.5,2.35697e+06,2.04751e+06,6160.5,4827.7,774.2,691.7,712168
1.0668e+06,978976,1115.86,1.49353e+06,1.33338e+06,31847.8,27062.7,2.3634e+06,1.85082e+06,7473.5,4756.5,829.9,784.9,712173
513626,525245,1001.36,369795,381265,7013.9,6462.1,612737,551890,1287.8,1233.2,122.1,389.2,712225
1.05873e+07,3.41423e+06,3175.35,781076,283466,1975.4,949.2,5542.5,2154.5,1995.6,997.8,27.2,421.3,712244
496352,477814,1063.74,16460.4,14954.5,55.9,388.1,12593.3,10845,40.5,542.5,149.9,459.8,712258
520717,543614,980.878,1.20816e+06,1.21679e+06,36206.4,34378,2.5935e+06,2.28564e+06,6846.1,4257.8,1064.1,754.7,712293
336591,362597,950.569,442826,424299,7029,7173.7,598421,531282,3133.9,2464.7,424.5,778.5,712306
511107,531597,984.538,809468,775464,12623.2,11149.6,1.06407e+06,898295,1978.2,1637.7,331.3,546.8,712315
464496,462837,1027.68,415384,395362,4017.9,3796,442040,380268,405.6,742.9,101.9,318.3,712320
483246,531244,931.488,717811,707145,15055.9,14090.6,1.22346e+06,1.08355e+06,6076.2,4347.7,634.8,887.4,712325
467457,514360,930.623,561952,557608,15719.3,15022.5,1.30973e+06,1.17978e+06,4734,3581.9,438.9,587.4,712356
448526,446466,1028.73,38841.6,36987.8,703.2,1055.1,65581.9,56789.5,334.5,448.5,-153.9,493,712381
395677,415149,975.98,506316,478709,10652,10195.5,1.02969e+06,906619,2937.8,2646.7,592,461.4,712397
483425,499776,990.498,590603,567474,9401.4,8366,872212,756373,1988.2,1752.7,489.8,431.7,712403
321339,315160,1044.08,171224,157291,2093.5,2196.3,179847,151619,630.7,650.5,184.2,407.1,712418
350990,341430,1052.69,172893,155067,2160.5,1857,210688,171585,466.4,774.5,300.3,392.5,712419
538130,540888,1018.78,17641.6,16273.4,213.6,398.7,25462.3,21728.6,341.8,397.1,58.2,377.8,712437
435868,465150,959.549,868717,843391,19444.1,17876.5,1.92468e+06,1.71375e+06,5199.5,3393.2,505,598.3,712445
222500,257068,886.314,224706,228223,6078,5393.1,607531,557080,3195.5,2417.2,640.8,848.8,712463
386961,429518,922.553,358437,352197,8391,8221.6,904490,838324,2803.2,2123.6,630.9,695.6,712495
238608,216273,1129.76,484879,431910,1471.3,1397.4,7654.5,6597.6,2360.6,1939.1,550.3,517.3,712519
521915,567606,941.579,1.02195e+06,1.04741e+06,34308.6,33582.4,1.89623e+06,1.74386e+06,7986.5,5416.9,1019.8,808.2,712524
338793,325156,1066.96,761132,804700,24607.9,23491.6,2.22705e+06,2.02934e+06,3980.4,2464.5,259.8,463.7,712525
498119,517094,986.434,629748,605443,16143.5,15070.6,1.08556e+06,950968,2022.3,1724,316.2,503.7,712529
259599,295691,899.02,228591,230137,7074.2,7177,742990,687102,2546.9,2417.7,64.1,369.3,712532
421166,416706,1034.96,250560,233045,2851.8,2988,199145,170398,873.8,784.2,186.4,386.3,712545
133023,174630,780.045,62400,67146.8,1390.3,1652.4,6262.1,5823,271.3,588.6,455.4,554.2,712551
423333,432782,1001.66,452964,468665,13644.3,12745.6,1.37586e+06,1.27028e+06,3397.2,2321.4,511.2,576.4,712566
382635,429492,912.291,222841,229850,8663.2,8632.6,612455,574341,2136.1,1689.6,356.8,460.2,712596
487349,530227,941.195,748084,795248,19142,18996.3,1.34034e+06,1.25153e+06,6476.6,4222.4,653.1,765.4,712620
709910,630090,1153.72,244327,227684,7021.4,6037.2,657859,546026,1653.1,1293.4,363,525.1,712637
1.52503e+06,1.07294e+06,1455.46,165088,118132,2821.7,2321.2,325281,210798,482.2,638.2,89,478.9,712638
494280,512643,987.324,395060,418662,10427.1,9981.5,752678,675511,3165,2430.4,557.1,495.2,712639
175389,161806,1110,408351,383891,811,658.9,2003.8,1613.6,647.9,848.5,-42.8,318.1,712650
426262,454552,960.286,891961,962554,20935.5,20935.1,1.67104e+06,1.58909e+06,5999,3700.8,866.3,650.6,712653
414846,446569,951.26,653924,638727,16692.3,15149.4,1.59264e+06,1.36916e+06,5119.9,3862.7,429.6,557.3,712661
356650,371207,983.861,468615,438566,9183,8384.4,799525,697443,1516.5,1279.9,24.4,333.6,712678
305272,346995,900.88,222747,220215,10938.4,11068.7,872519,819800,1919.9,1621.5,-150.8,288.8,712693
335482,384209,894.133,234721,235881,7323.1,6877.5,662541,622936,2784.6,2156.2,554.4,804.6,712711
436841,459854,972.766,865586,907995,35414.4,32340.7,2.47699e+06,2.15815e+06,7480.8,4551.1,771.2,733.5,712733
781134,614048,1302.65,2.18584e+06,1.71525e+06,69944,51599.6,4.14282e+06,3.02294e+06,12704.5,6979.1,1527.8,908.9,712762
503613,549735,938.1,1.16398e+06,1.20494e+06,22065.2,21152.5,1.92269e+06,1.72148e+06,5886.9,4182.6,377.9,500.7,712768
158856,190688,853.061,16144.2,17792.4,-139.1,356.5,-1016.2,135,338.3,447.8,-114.3,330,712771
467478,528465,905.826,282905,292208,5534.6,5509.6,431409,403288,2240,1688,24.3,436.8,712778
416498,438738,972.097,853134,913961,20634.9,20571,1.6441e+06,1.56064e+06,5461,3378.9,625.9,618.8,712778
474676,487400,997.282,59048.4,54951.2,928.7,1297.1,95422.5,83507.3,-160.1,463.7,28,385.7,712780
390277,391949,1019.64,879293,933860,18428.9,18075.8,1.23215e+06,1.11863e+06,5156.1,3302.8,778.5,435.6,712787
699320,677935,1056.31,552768,582796,21495.2,19899.5,2.02156e+06,1.79364e+06,9078.5,5881.4,1053.9,1132.5,712791
481479,532202,926.407,72762.2,74780.2,1497,2172.7,142519,139323,453,754.5,249.4,572.1,712803
513251,531632,988.609,285610,300048,7458.3,6844.6,553631,501861,1159.3,1065.9,-41.1,332.4,712813
489864,495915,1011.51,211510,212509,13208.6,12716.9,815414,704059,1874,1470.9,543.9,388.3,712831
352598,346411,1042.3,686724,726292,15943.1,14954.1,1.54107e+06,1.39844e+06,4732.4,2745.4,691.7,644.3,712872
710652,534926,1360.4,2.18018e+06,1.79886e+06,60200.2,49743.3,4.60831e+06,3.64989e+06,12746,7359.9,1817.6,991,712881
424437,438439,991.312,840849,901478,17874.9,17137.5,1.66607e+06,1.57205e+06,6319.5,3881.2,826.8,672.4,712884
965568,623335,1586.23,1.25848e+06,806072,34237.7,20289.5,2.52986e+06,1.48977e+06,7574.8,4114.8,934.2,755.2,712901
3.69367e+06,1.29463e+06,2921.56,2.6703e+07,5.66447e+06,35015.2,14886,173003,65735.3,81237.7,28030.9,5681,2562.9,712910
494954,507028,999.623,1.11964e+06,1.19462e+06,30107.6,28811.2,2.77433e+06,2.5297e+06,4242.6,3238.6,512,552,712912
518935,562010,945.518,241691,264305,7085.5,7470.6,543161,495202,3689.9,2750.3,481.2,543.9,712923
365263,353026,1059.5,839188,885797,15933.7,15321.1,1.45769e+06,1.34759e+06,5671.4,3615.7,376.1,501,712929
490284,514969,974.915,820107,810292,23003.1,22017.9,1.56047e+06,1.38887e+06,4772.1,3355.8,703.5,610.5,712969
435057,473105,941.649,568657,562852,17649.7,16771.6,1.42095e+06,1.27827e+06,5425.9,4008.2,593.9,836.2,712991
407007,442923,940.969,570514,565932,12588.9,12545.3,1.04296e+06,940037,5172.4,3664.2,567.8,637.5,712996
403866,412013,1003.76,445125,414287,7508.9,6736.6,600185,512554,1973.5,1737.4,144.9,310.2,712999
393272,402210,1001.25,737481,785733,15940.6,15493.5,1.14855e+06,1.07637e+06,5241.5,3095.8,245,486.6,713025
444753,482297,944.289,632659,636219,9759,9032,1.09936e+06,992680,4431.6,3363.6,619.3,522.1,713028
534627,536420,1020.58,78492.5,78563.2,1591.9,1417.6,92753.8,82589.8,215,487.2,-230,310.1,713063
510125,530650,984.395,1.47007e+06,1.51222e+06,44518,42822.3,3.35312e+06,3.02446e+06,5821.2,3817.9,903.7,711.7,713073
424690,464689,935.857,810851,812941,26946.5,25692.2,2.14886e+06,1.9284e+06,4061.7,2982.9,706.5,673.5,713091
507372,535998,969.32,1.07281e+06,1.15206e+06,28380.9,28502.4,2.24464e+06,2.12028e+06,6555.3,4144.4,622.5,866.2,713092
493962,522866,967.397,978637,1.00565e+06,21928.9,20871.8,1.67382e+06,1.52119e+06,6458.2,4437,509.2,657.7,713107
189497,225581,860.217,329382,349480,3115.6,3441,13852.3,13280.7,1746.7,1583.7,560.5,710.1,713109
188402,214884,897.82,280554,295128,2745.9,3258.8,12020.4,11148.4,1956.7,1732.1,658.9,586.7,713130
2.25732e+06,795220,2906.76,1.03598e+07,4.70946e+06,7849.6,3301.8,27698.1,10706.9,24117.6,9832.5,1293.9,879.1,713142
370703,365889,1037.48,825397,873698,23894.6,23448.6,1.94808e+06,1.80233e+06,4600.5,2870,652.6,577.5,713152
857285,758152,1157.89,1.41074e+06,1.2898e+06,42913.3,36949.2,3.1837e+06,2.65181e+06,10591,5939.6,1262.1,1114.3,713180
469965,487708,986.754,631812,616569,11570.6,11186.8,885387,776892,2931,2235.8,633.8,563.3,713199
515896,523442,1009.24,72390.8,73578.5,932.3,1012.1,69288.4,61441.6,493,666.1,-86.5,507.3,713213
372559,350945,1087.07,95223.2,95255.8,3181,3006.8,232462,202508,1199.5,1029.6,122.4,488.7,713216
1.05354e+06,687408,1569.4,5.3955e+06,4.81553e+06,5179.7,3580.2,10650.4,8233,13075.1,7914.1,596.2,687,713272
455890,493532,945.904,481879,476095,13749.3,13150.9,1.19604e+06,1.08028e+06,5385.1,3882,791.1,773.2,713278
159400,190913,854.978,136458,137500,1960.8,2293,7143.7,8445.1,874.9,838.8,635.6,578.7,713296
504624,525582,983.176,793207,788719,22778.4,21187.1,1.65389e+06,1.42666e+06,3762.2,2954.6,456.9,622.1,713318
798878,586693,1394.35,208506,174922,1186.1,1248.9,82778.3,112353,451,674.1,-250.8,211.7,713344
498732,533586,957.115,1.03309e+06,1.0573e+06,28222.6,27719.6,2.36282e+06,2.17215e+06,4890.2,3316.2,627.7,623,713358
543217,538176,1033.61,78337.7,76196.7,2202.5,2346.8,152018,130686,478,451.7,-16.8,282.8,713369
1.26188e+06,676649,1909.66,3.3965e+06,1.68073e+06,127046,71350.1,8.67075e+06,4.68364e+06,21974.6,9592.9,2845.7,1338.4,713441
416216,414386,1028.52,772690,825341,20265.1,19683.3,1.46241e+06,1.33749e+06,4958.4,2927.7,756.7,671.3,713461
617573,654748,965.865,975704,970308,31268,29209.5,1.89013e+06,1.62999e+06,5104,3206.3,651.6,670.4,713470
962731,788788,1249.82,2.35197e+06,1.93829e+06,65585.6,53391.4,4.22853e+06,3.21904e+06,10791.8,6676.8,1227.5,1020.5,713487
509498,531732,981.189,816711,805548,28756.5,27393.2,1.69023e+06,1.50041e+06,2639.4,2182.9,164.8,377.8,713490
389864,403327,989.836,745200,793996,25965.7,24758.3,1.98347e+06,1.80326e+06,5783.4,3584.1,566.8,629.6,713492
965289,648307,1524.68,1.53137e+06,1.01494e+06,45445.5,29373.8,3.2604e+06,2.1068e+06,12151.5,6798.5,1463.5,941.7,713510
486072,533689,932.637,775867,796236,28258.5,27141.8,1.99639e+06,1.83037e+06,6469.9,4351,999.2,777.4,713543
765545,518061,1513.19,8.79139e+06,5.62616e+06,8678.8,5551.1,64246.5,39116,19230.1,10471.2,990.3,823.1,713553
442568,460725,983.654,904854,969972,14990,14438.5,1.40265e+06,1.28924e+06,7382.4,4627.4,614.2,867.3,713567
454649,465058,1001.08,362290,371048,13616.6,13169,1.12034e+06,1.02086e+06,3268.6,2153.3,372,529.1,713585
438834,460480,975.863,1.16747e+06,1.23921e+06,44101.6,43796.1,2.82359e+06,2.62965e+06,5954.6,4093.1,713.2,681.4,713588
478182,530161,923.605,691833,694210,22677.7,22806.8,1.7772e+06,1.66028e+06,6237.2,4321.7,592.7,621.1,713590
522959,537183,996.899,372983,390559,4933.4,4709.7,407145,369037,2059.8,1510.7,229.6,393.9,713635
505634,542446,954.517,1.07129e+06,1.093e+06,43737.9,41193.8,2.51924e+06,2.20339e+06,6572.7,4651.9,783.1,698.3,713644
511795,518859,1010.06,439582,430329,4453.9,3874.2,420987,365999,930.5,1088.5,57.9,376,713659
534742,559134,979.338,1.10905e+06,1.10512e+06,10322.7,9840,935003,809511,3124.1,2318.1,522.2,792.4,713671
499929,538711,950.293,1.0807e+06,1.08631e+06,39507,37749.5,2.53848e+06,2.32672e+06,5224.7,3718.3,897.6,855.1,713675
439749,461439,975.879,960806,1.03005e+06,21310.5,20452.1,1.80929e+06,1.70708e+06,5519.9,3821,508.8,431.6,713720
188245,223370,862.981,357603,383893,3326.5,3738.6,13736.7,15154.7,1008.3,844.4,589.6,727.5,713752
546904,562895,994.921,692315,691152,16479.2,15250.6,1.22852e+06,1.06136e+06,3945.6,3004.2,414.2,702.7,713795
428841,452620,970.21,825705,890466,14332.8,13824.8,1.50049e+06,1.41387e+06,6422.1,4317.1,852.7,732.2,713812
459010,355411,1322.5,851984,742515,2672.6,2411.4,6637.9,5508.3,3474,2446.5,582.4,468,713818
477483,490764,996.296,867719,933275,18939.4,18258.4,1.94983e+06,1.75722e+06,4288.8,2696.5,373.3,510,713864
523845,541346,990.898,75255.7,76498.4,1947.1,2483.3,200503,182731,-30.2,610,-126.4,531.7,713881
524071,547506,980.171,878637,854599,9479.9,8973.1,661707,569277,1705.7,1675.6,189.9,349.2,713884
1.02004e+06,845006,1236.12,2.74027e+06,2.20408e+06,55918.1,43090.5,5.4576e+06,4.10961e+06,12194.6,7274.5,1384,1233.3,713917
728796,612563,1218.31,1.55216e+06,1.40706e+06,50740.7,41527.1,4.48296e+06,3.54462e+06,9796.8,5533,1116.3,1039,713920
433120,459171,965.909,841797,902969,25698.8,26027.1,2.16829e+06,2.06096e+06,6985.3,4523.6,1000.5,752.3,713924
500282,541707,945.699,1.40667e+06,1.48909e+06,36390.3,35556.9,2.79323e+06,2.53938e+06,6961.3,4620.2,747.1,753,713937
454921,485630,959.257,1.32975e+06,1.40277e+06,33666.3,33157,2.49884e+06,2.31952e+06,6536.9,3679.6,637.8,619.8,713950
480122,503848,975.779,609384,588078,6900.1,6272.4,679085,596965,2465.6,1859.7,541.8,667.6,713999
436668,427577,1045.77,1.12402e+06,1.11414e+06,3073.7,3192.4,14075.5,13502.7,3049.4,2026.3,173,402.2,714013
436547,442463,1010.32,207635,203815,11352.1,10944.9,773269,664677,1179.7,960.6,257.3,400.2,714059
807816,606604,1363.67,1.95237e+06,1.44691e+06,71726.1,53081.7,4.7459e+06,3.44009e+06,12788.5,6243,1412,912.8,714078
450879,478326,965.253,819981,816966,17246.9,16532.6,1.64003e+06,1.47246e+06,5230.7,3736,384.6,656.6,714079
451120,474038,974.504,950093,1.00984e+06,29644,29672,2.22888e+06,2.09229e+06,7405.3,4864.3,1080.7,990.3,714101
725049,726149,1022.46,1.17313e+06,1.14976e+06,30998.2,28530.7,2.49616e+06,2.16106e+06,6821.8,4498,765.6,954.7,714104
518411,547243,970.053,1.15148e+06,1.16321e+06,23400.9,22717.2,1.54963e+06,1.37407e+06,3973.4,2885.9,725.7,585.4,714123
509357,541163,963.821,1.30203e+06,1.31317e+06,33240.7,32238.5,2.60516e+06,2.36074e+06,5292.5,3701.2,681.6,489,714148
436933,444517,1006.54,215085,220230,7551.7,7216.3,725217,664403,2323.1,1569.3,296.1,383.3,714183
513334,534642,983.193,804132,811193,22498.9,20976,1.61253e+06,1.47418e+06,3765.1,2574.1,666.9,553.8,714192
448035,451698,1015.7,182013,185824,6802.4,6670.6,471877,426816,1896.1,1510,333.1,500.3,714197
199988,228738,895.299,353824,377866,3456.7,3867.8,13072.2,13908.2,1188.9,1075.5,648.2,716.7,714214
485502,529449,939.005,1.05853e+06,1.07745e+06,30752.9,29712.7,2.39555e+06,2.20553e+06,5842.2,3814.1,875.7,820.7,714229
509116,542889,960.298,1.35026e+06,1.3525e+06,15348.1,14901,1.35042e+06,1.19702e+06,4939.5,3796.3,548.9,758.8,714245
450875,449554,1027.01,134545,135746,5416.9,5208.6,355768,310412,1301.8,1037.9,143.9,423.2,714249
497956,539892,944.466,824924,832526,24070.5,23198.5,1.48743e+06,1.33935e+06,4827,3543.5,351,682.9,714251
1.07985e+06,866530,1276.09,1.91018e+06,1.59449e+06,32593,26236.4,3.45618e+06,2.69146e+06,13378.4,7260.6,1455.6,1232,714282
438513,447874,1002.6,1.35932e+06,1.41815e+06,27670.8,26737.6,2.12779e+06,1.92086e+06,5296.1,3212.2,569.3,581.5,714290
1.21023e+06,684843,1809.59,2.77444e+06,1.6122e+06,59909.3,35501.1,5.58557e+06,3.36888e+06,15858.6,8836.7,2020.7,1261.7,714318
520486,573299,929.672,1.25667e+06,1.26959e+06,36109.3,33689,2.52655e+06,2.24383e+06,6157,4142.4,823.4,768.7,714322
659391,637085,1059.86,439147,428962,23942,22380.7,1.81667e+06,1.54485e+06,4676.7,3068.7,775.5,663.1,714363
498559,537626,949.594,1.07771e+06,1.08539e+06,29641.3,28195.3,2.12833e+06,1.93724e+06,5298.1,3593.4,478.4,447,714383
447448,456533,1003.63,858790,909662,31742,30602.6,2.22128e+06,2.03224e+06,5380.3,3247.4,584,634.9,714384
518296,543288,976.894,740548,716808,14751.6,13373.2,1.30587e+06,1.10946e+06,3068.1,2114.5,416.4,547,714394
510320,542219,963.762,936418,939273,16102,15088.1,1.29238e+06,1.15745e+06,3500.8,2565.8,262.3,576,714401
514570,533070,988.474,744713,742478,17873,16762.1,1.22235e+06,1.08491e+06,3570.8,2582.4,254.5,481.1,714429
1.08585e+06,645323,1723.04,2.84285e+06,1.83156e+06,60186.2,36159.4,5.77041e+06,3.38891e+06,17698.7,8519.1,2117.7,1414,714458
453292,475535,976.116,991758,1.05849e+06,17908.3,18024.8,1.47254e+06,1.38939e+06,6843.2,4183.1,992.3,986.1,714490
522056,559935,954.739,1.07944e+06,1.11534e+06,31863.4,30684.7,2.51856e+06,2.25602e+06,8679.1,5675.6,1171,1056.7,714494
502474,532317,966.6,988177,1.00238e+06,22254.5,21717.1,1.84534e+06,1.67177e+06,6866.5,4356.5,998.1,764.6,714583
519253,538482,987.435,544448,554267,11419.8,10500.7,1.08796e+06,969493,2764,1857.6,734.2,517.7,714588
455583,475623,980.868,826643,878511,29124.2,27708.9,1.81366e+06,1.60251e+06,6800.7,4283.8,1116.9,698,714661
1.06341e+06,832778,1307.59,4.83152e+06,4.20121e+06,77896.7,63554.5,6.25403e+06,4.75168e+06,24416.1,13096.9,2452.3,1720.4,714685
427058,446044,980.422,954988,998632,17979.9,17256.3,1.28693e+06,1.19416e+06,6465.8,3875.6,744.7,608.6,714689
196395,218246,921.499,249471,266859,1789.8,2278.3,8202.4,7857.6,252.9,611.5,340.2,629.4,714801
501716,530042,969.28,719183,711850,18952.9,18162.3,1.39324e+06,1.2389e+06,3161.4,2482.6,282.4,523.7,714839
502194,535394,960.505,932887,952354,23140.6,22247.5,2.00362e+06,1.82197e+06,5077.3,3601.9,779.8,629,714918
508857,530422,982.379,680699,686104,18065.6,17567.7,1.41258e+06,1.26408e+06,3852.1,2500,603.2,502.5,714991
492954,547170,922.541,1.01972e+06,1.03428e+06,36916.3,35305.8,3.00496e+06,2.77791e+06,5563,3983.7,519.6,704.4,715011
495271,530881,955.314,1.01751e+06,1.04281e+06,24350.2,23407.6,2.28515e+06,2.11256e+06,6505.9,4597.2,840.3,609.4,715189
822773,650751,1294.7,1.91457e+06,1.57318e+06,40557.3,32571.9,4.17043e+06,3.17186e+06,14198.4,7970.8,1397.5,958.3,715232
517753,551347,961.61,1.22566e+06,1.2554e+06,30832.3,30143.3,2.4416e+06,2.23889e+06,6044.3,3955,900.2,1005.2,715281
509787,534577,976.514,661795,665569,11491.4,10917.3,853462,767025,3284.9,2289.4,535.3,556.9,715286
518955,550573,965.201,1.40797e+06,1.4591e+06,31225.4,29536.7,2.57062e+06,2.30485e+06,5565.4,3931.3,560.4,675.1,715309
543444,559745,994.181,1.38814e+06,1.39441e+06,12665.3,11595.8,615446,532860,7495,4557.4,1001.3,696.6,715447
4.02754e+06,1.48375e+06,2779.59,2.39511e+07,5.66398e+06,22342.5,7762.6,96721.9,33083.1,59091.7,22178.7,3885.1,1946.1,715468
541718,562101,986.876,823235,813566,24072.9,22560.9,1.71529e+06,1.49256e+06,5114.1,3538.3,431.5,757.1,715553
529514,548927,987.798,1.38842e+06,1.44407e+06,29462.5,27519.7,2.6082e+06,2.34195e+06,4691.4,3213.1,461.4,610.6,715644
539861,554612,996.772,1.37857e+06,1.46048e+06,21172.9,19888.1,1.49887e+06,1.3455e+06,5388.3,3527,301.1,833.3,715650
954400,835525,1169.7,3.60497e+06,3.20231e+06,5475.8,4701.3,12921.6,11124,4264.9,2340.2,627.9,560.4,715746
970946,987894,1006.44,2.08009e+06,2.13509e+06,53636.1,50060.5,4.18531e+06,3.71384e+06,10934.2,7120,1147.3,931.3,715852
527899,540981,999.245,1.03875e+06,1.04425e+06,25858.8,24843.8,1.87357e+06,1.69381e+06,4172.1,2689.2,520.4,632.8,716001
1.22616e+06,875909,1433.47,3.13397e+06,2.38522e+06,78361.2,59551.5,7.39286e+06,5.25471e+06,23870.8,11913.9,3363.4,1877.6,716177
196410,229356,876.92,332328,355278,4026,4190,16191.8,16881,5335,3208.8,795.2,576.6,716212
560841,580854,988.727,1.17279e+06,1.19309e+06,25636.9,24398.1,1.70951e+06,1.5112e+06,4942,3307.9,497.5,660.8,716299
520776,540102,987.369,1.09063e+06,1.12563e+06,21478.3,19491.2,1.86474e+06,1.6214e+06,4577.2,3401.7,518,755,716371
1.40183e+06,824749,1740.51,7.2956e+06,4.54801e+06,11142.7,6400.2,50117.5,28154.5,16858.1,8627.5,1243.7,972.4,716450
680633,659085,1057.49,1.30005e+06,1.359e+06,35152.1,31620.2,2.95099e+06,2.50003e+06,10236.6,6102.2,1182.9,1059.8,716468
455933,470638,992.018,1.01714e+06,1.07737e+06,29142.8,28384.2,2.02997e+06,1.86605e+06,5250,2938.2,728.3,564.6,716502
497609,534733,952.916,1.00774e+06,1.03028e+06,28893.5,27697.8,2.58804e+06,2.39299e+06,7039.9,4533.8,646.7,705.7,716628
457040,485888,963.217,996972,1.03957e+06,35262.4,34378.7,2.49126e+06,2.30034e+06,6850.3,4143.5,816.6,626.5,716633
500932,523318,980.208,938692,979240,30045.1,28589,2.28096e+06,2.08934e+06,5598.9,3628.8,755.8,817.5,716647
508806,531077,981.066,834794,867494,20808.9,19992.7,1.21843e+06,1.09678e+06,4863.7,3184.9,609.2,654.3,716816
453244,474201,978.747,1.18783e+06,1.23946e+06,25640.6,25121.8,1.74466e+06,1.609e+06,6268.8,3587,526.6,532.1,716986
510451,536396,974.476,1.01321e+06,1.03566e+06,17900.6,17343.1,1.00423e+06,910109,6445.8,4052.6,808.2,739.1,717317
503973,534438,965.639,1.05589e+06,1.07897e+06,16692.9,16165,1.60994e+06,1.48989e+06,5867.2,4062,721.6,828.3,717429
452183,474848,975.122,1.04274e+06,1.07789e+06,25338.4,24444.8,1.64915e+06,1.50579e+06,6200.5,3808.9,644.1,749.7,717596
984731,1.00751e+06,1000.85,1.96478e+06,1.93595e+06,41100.7,38117.2,3.64636e+06,3.20277e+06,12735.8,8032.8,1498.1,1168.3,718122
498401,530615,961.845,995366,1.00613e+06,27204,26137.9,2.12458e+06,1.93982e+06,6530.2,4123.3,973.6,732.6,718154
1.2082e+07,2.18525e+06,5661.6,4.40228e+07,5.66246e+06,57127.5,10563.4,251892,44788.6,106552,19402.8,7927,1615.8,718211
486656,508979,979.093,961799,1.00648e+06,33491.3,32760.9,2.33821e+06,2.1341e+06,5868.6,3649.2,461.2,472.3,718471
504286,539203,957.694,1.20784e+06,1.24255e+06,42523.4,41376.5,2.59869e+06,2.36751e+06,5604.8,3572.3,680.9,564.4,718502
534507,556529,983.481,1.03549e+06,1.06816e+06,19358.7,17521.5,2.13391e+06,1.87187e+06,6700.4,4288.9,786.8,556.1,718601
488859,512381,977,1.35607e+06,1.43755e+06,43247.7,41103.5,2.93224e+06,2.6119e+06,5392.9,3171.6,542.6,577.5,718602
446470,459978,993.933,1.07472e+06,1.13773e+06,17335.7,16675.7,1.83217e+06,1.67577e+06,5142.4,3218.7,386.6,563.2,718868
462059,475934,994.159,1.26876e+06,1.34173e+06,29974.4,28659.2,2.2814e+06,2.0685e+06,5372.5,3508.3,759.6,647.8,719217
498269,527414,967.424,948810,979103,15284.3,14690.3,1.25927e+06,1.14221e+06,5202.1,3562.5,646.7,726.2,719247
529598,566437,957.409,1.16348e+06,1.18282e+06,27817.3,26094.8,2.79435e+06,2.44806e+06,7224.9,4469.8,902.2,612.4,719533
453331,468426,991.005,1.29044e+06,1.34095e+06,19053.4,18233.5,1.65847e+06,1.51392e+06,6187.9,3680.5,952.5,710.2,719676
820369,643336,1305.8,1.35763e+06,1.17115e+06,42083.3,35294.8,3.3446e+06,2.71791e+06,8259.7,4932.6,1115.4,758.4,719718
428560,448151,979.25,984273,1.0392e+06,25802.9,24838.8,2.35221e+06,2.17542e+06,6571.4,3708.3,816.8,579.2,719886
819853,623084,1347.38,2.11169e+06,1.63076e+06,73385.7,53753.9,4.90557e+06,3.5133e+06,12934.6,6776,1505.1,1203.7,719914
513985,532145,989.056,1.44424e+06,1.50203e+06,27141.9,26204.5,2.82061e+06,2.56475e+06,6294.8,3951.3,558.9,557.2,719953
1.20234e+06,981342,1254.61,902960,768246,42546.3,33302.2,3.08391e+06,2.31396e+06,9816.9,6038.6,1461.9,1293.7,719962
503514,532890,967.556,999251,1.03494e+06,26154.6,24617.2,2.00264e+06,1.82081e+06,5596.5,3721.8,505.2,829.3,719996
491993,535637,940.571,980762,985023,26354.9,25422.4,1.72587e+06,1.57118e+06,5861.1,4178.3,674.9,700.1,720005
494308,516152,980.677,1.55602e+06,1.63411e+06,22179.9,21304.4,1.74092e+06,1.58398e+06,6316.4,4155.2,752.9,805.3,720153
546005,560941,996.742,36936.2,34434.4,642.3,747.4,58731.7,49306,169,548.6,184.4,411.5,720201
527775,560628,964,1.4787e+06,1.50662e+06,26905,24788.1,2.50479e+06,2.24164e+06,5047.8,3420.6,549.1,678.8,720211
971486,828938,1200.09,2.16992e+06,1.78303e+06,53258,42345.6,3.97075e+06,3.01307e+06,9702.3,5976.9,960.9,803.5,720269
515787,533533,989.95,769577,771370,19381.2,17855.2,1.49629e+06,1.34899e+06,3605.9,2448.5,406,521,720279
173575,180226,986.216,156419,148813,255.1,446.6,1467.7,1191.1,313.6,515.9,77.1,312.2,720314
1.53643e+06,967729,1625.77,1.47692e+06,967116,27206.2,17750.1,2.04227e+06,1.2808e+06,5077.7,2800.2,906.3,801.8,720316
1.30702e+06,1.15825e+06,1155.53,2.9338e+06,2.56478e+06,69689.4,57099.6,5.98364e+06,4.76288e+06,17611.1,10269.4,1823.7,1292.5,720321
519890,541479,983.184,1.11417e+06,1.10875e+06,25401.1,23107.9,2.21335e+06,1.91773e+06,3049.6,2288.9,445.9,590,720337
510945,574393,910.89,917376,902593,15322,14556.3,1.23179e+06,1.09307e+06,5926.7,4133.4,645.6,756.4,720341
485567,505956,982.743,1.38429e+06,1.27907e+06,9410.6,8952.5,727038,624472,8029.2,5255.1,718.2,681.6,720366
454099,495711,938.053,669736,668589,31995.2,30518.3,2.08202e+06,1.88298e+06,5323.1,3543.4,834.6,701.1,720378
391629,394383,1016.87,802289,858690,28204.1,26600.5,2.15627e+06,1.9438e+06,4090.2,2451.2,720.4,656.1,720383
1.29407e+06,993467,1333.85,1.56611e+06,1.2665e+06,34010.2,27141.3,3.02349e+06,2.29856e+06,7808.3,4857,850.6,687.7,720394
449489,454251,1013.27,376564,393445,14200.3,13232,1.15552e+06,1.00652e+06,3096.1,2259.3,720.3,548.9,720442
531609,539471,1009.09,161525,158708,3998,4165.3,303199,271763,360.1,746.7,87.3,351.8,720477
431232,458226,963.681,783588,841100,25799.7,25425.1,1.82654e+06,1.74381e+06,6558.1,4214.2,593.8,690.3,720527
478207,481772,1016.43,379602,360549,6420.2,5744.1,542082,463944,777,1022.7,114.8,384.3,720535
171763,219326,801.955,211580,232754,2701.8,2631.2,10635.6,10646.6,601.8,793.8,658.6,633,720548
430434,477047,923.956,506156,502781,14026.5,13025.3,1.21162e+06,1.07604e+06,4627.6,3175.9,529.5,658.5,720559
381365,414720,941.66,570965,557293,20594.7,18817.5,1.53133e+06,1.31458e+06,4262.1,3026.2,355.3,511.6,720570
311923,344636,926.811,395921,390629,6637.1,6202.3,617836,555181,3575.4,2616.1,445,537.3,720574
491439,530805,948.065,967635,1.01566e+06,15346.2,15664.4,970189,900779,7233.7,5035.7,810,692.4,720594
938875,764622,1257.37,1.93643e+06,1.54961e+06,55634.9,41998.7,4.58564e+06,3.40566e+06,11326.2,6812.2,1657.7,1321.6,720608
448464,454091,1011.32,293153,306020,15388.1,14967.8,1.34289e+06,1.24024e+06,3251,2241.5,441.8,772.2,720626
419344,435166,986.781,898929,964765,30021.8,30029.8,2.18047e+06,2.05926e+06,6063.6,4183.3,580,549.6,720627
1.01479e+06,614753,1690.35,2.18629e+06,1.37574e+06,66695.9,37852.3,4.37879e+06,2.61884e+06,12708.8,6088.8,1377.4,939.8,720636
506178,523174,990.745,772696,753137,21102.5,19458,1.15005e+06,1.01839e+06,2861.1,2113.4,164.1,349.6,720696
463419,487158,974.112,1.08834e+06,1.12434e+06,26546.4,25179.2,2.2211e+06,2.05425e+06,6335.4,3875.2,782.8,749.9,720704
477604,510423,958.171,1.22302e+06,1.22444e+06,21099.7,20280.7,1.87805e+06,1.66937e+06,4782.2,3489.4,628.7,601.6,720707
473165,493013,982.783,1.0426e+06,1.06435e+06,18809,18262.1,1.38964e+06,1.25604e+06,6452.5,4115.7,418.1,790.6,720756
522326,535787,998.278,111358,111895,1240.2,1500.2,170858,154532,411.3,486.1,199.3,610.7,720778
493704,549664,919.749,475833,465900,18106.2,17594.8,1.23987e+06,1.13561e+06,4437.8,3017.3,333.2,688.5,720785
497736,535880,951.125,1.03727e+06,1.04397e+06,31595.7,30212,2.31012e+06,2.09867e+06,5003.8,3416.4,719.3,618.7,720812
546486,559859,999.545,713589,690615,16828.8,15497.4,1.06879e+06,909779,1784.1,1538.2,139.6,355.1,720819
375493,373548,1029.34,902610,948741,25809.2,24648.5,1.9553e+06,1.80006e+06,6230.1,3505.5,708.1,717.1,720824
774185,777518,1019.62,1.97821e+06,1.89736e+06,57296.4,49032.2,3.4215e+06,2.74207e+06,14939.7,9073.9,1786.7,1412.8,720832
497750,520587,979.086,1.05368e+06,1.03588e+06,31291.2,29579,2.22987e+06,1.97432e+06,4298.7,3007.9,752,646.7,720847
482350,512049,964.61,746031,802582,20955.7,20490.7,1.29313e+06,1.19215e+06,6599.2,4107.7,698.9,776.9,720884
501121,534255,960.504,956498,951258,19616.7,18830.2,1.61342e+06,1.4241e+06,3378.9,2598.6,563.4,550.5,720915
521458,544959,979.853,1.24779e+06,1.27559e+06,16437.7,15277,1.47119e+06,1.30587e+06,4451.3,2882.8,323.9,463.5,720916
445578,450734,1012.3,267625,277723,38361.3,32272.7,3.65927e+06,3.13888e+06,2467.8,2031.7,286.4,367.3,720991
351654,310140,1161.08,207084,200329,7120.5,6642.5,590106,500850,1256.7,1026.4,180.6,386.7,720999
354965,334276,1087.39,1.02352e+06,1.05964e+06,29467,27932.7,2.32588e+06,2.09111e+06,4918.3,3195.5,610.7,776.6,721015
447455,460947,994.034,818542,874990,21058.2,20317.1,1.20776e+06,1.10859e+06,5986.7,3601.8,1062.4,862.8,721022
542674,594765,934.322,1.52888e+06,1.55674e+06,16248.2,16088.6,1.79045e+06,1.61321e+06,5377.1,3629.7,658.3,752,721077
458783,463166,1014.32,436422,461088,15186.7,14481.9,1.39075e+06,1.28673e+06,3838.8,2796.9,353.3,350.9,721117
1.35583e+06,1.06995e+06,1297.6,1.39415e+06,1.06206e+06,47349.8,35822,4.28249e+06,3.13694e+06,13603.1,7834.9,1846.7,1224.5,721118
443695,459683,988.39,1.09187e+06,1.15089e+06,18996.1,18573.8,1.81314e+06,1.69769e+06,6325.8,4035.4,628.5,733.1,721119
457242,474265,987.246,1.17379e+06,1.2359e+06,39630.6,39669.5,3.02913e+06,2.82843e+06,6451.8,4112.1,711.2,935.5,721200
652209,447186,1493.48,1.59922e+06,1.17818e+06,39840.2,27593.3,3.55173e+06,2.39717e+06,9919.3,6047.9,1210.4,952.3,721216
482925,485470,1018.64,712317,762500,16758.6,16179.1,1.0671e+06,958508,3662.4,2585.1,367.6,599.4,721220
636854,655292,995.195,932709,915717,20907.8,19082.7,1.62596e+06,1.43753e+06,5046.7,3483.1,464.7,503.4,721242
454633,467992,994.785,919989,976513,16005,15578.8,1.30175e+06,1.18984e+06,6419.8,4252.7,573.8,561.3,721267
2.24329e+06,1.64739e+06,1394.41,1.07989e+07,5.66381e+06,238691,175983,1.70122e+07,5.68926e+06,53050.5,29044.5,6260.6,3487.2,721276
504629,538593,959.427,1.03762e+06,1.07455e+06,31152,29564.9,2.20941e+06,1.99053e+06,7633.7,5075.5,858.8,612,721360
507378,530516,979.345,1.04681e+06,1.06203e+06,24981,24247,1.76682e+06,1.62051e+06,6046.7,3830.8,718.9,556.2,721544
524294,547936,979.831,1.36487e+06,1.40075e+06,28712.1,26728.9,2.50088e+06,2.20523e+06,5073.4,3237.4,700.5,812.4,721653
1.02154e+06,823870,1269.7,8.02216e+06,5.63953e+06,90925.1,74610.8,6.24899e+06,4.82553e+06,21420.5,11250.6,2310.6,1366.8,721775
160902,185618,887.659,296966,326319,3063.7,3420.1,14200.3,15402.2,758.8,705.8,614.3,673.6,722045
452578,481535,962.435,995300,1.03051e+06,23550.5,23348.5,1.79938e+06,1.67446e+06,7474.5,4809.6,790.4,783.4,722096
522341,551231,970.344,1.2603e+06,1.27347e+06,21007.5,19979.2,1.81282e+06,1.64594e+06,6113.5,4147.5,896.1,765.8,722383
1.00188e+06,1.02599e+06,999.947,2.10688e+06,2.17957e+06,55104.1,52437.2,4.43138e+06,4.02116e+06,10607.4,6817.5,1269.3,1029.5,722915
525096,543074,990.103,1.06317e+06,1.09088e+06,33137.2,31719.3,2.79371e+06,2.5537e+06,7980.9,4652.4,1090.5,917.3,723523
477558,500808,976.462,1.09045e+06,1.12648e+06,30960.2,30169.1,2.50765e+06,2.29883e+06,6336.7,3814.5,856.9,584.4,723731
501757,517001,993.807,1.38736e+06,1.47262e+06,17391,16929.8,1.28975e+06,1.1693e+06,5302.4,3298.1,988.3,679,724162
496872,521170,976.262,1.05689e+06,1.08522e+06,22246.5,20897.1,1.64337e+06,1.51033e+06,5281.3,3403.9,656,635,724189
494771,523666,967.5,900207,931586,29280.8,28336.2,1.963e+06,1.78778e+06,6064.9,4108,1000.1,796.4,724603
456370,469106,996.202,545204,592219,12210.2,11961.2,1.33971e+06,1.24487e+06,5261.1,3385.6,863.7,771.6,724651
500246,532922,961.215,1.08886e+06,1.11504e+06,29356.7,27933.4,2.60996e+06,2.38082e+06,5368.8,3802.8,494,706.7,724688
504528,528034,978.418,1.05993e+06,1.09774e+06,28661.8,27987.6,1.74216e+06,1.58695e+06,4601.8,3135,551.7,606.8,724761
499033,530356,963.529,1.10498e+06,1.12494e+06,36284.9,34893,2.69844e+06,2.48108e+06,5988.5,3828.6,584.9,652.9,724905
492676,533700,945.294,1.10497e+06,1.12965e+06,21109.7,20587.9,2.00362e+06,1.84684e+06,5889.6,4232.4,439.8,458.5,725021
511813,525972,996.441,568296,583001,17803.9,16927.9,1.29351e+06,1.16738e+06,3573.1,2508.9,515.6,592.3,725095
513753,540426,973.462,1.22508e+06,1.27612e+06,21599.6,20786.9,1.89907e+06,1.72011e+06,5509.1,3883.5,667,684,725135
500058,528368,969.133,747104,738699,10407.8,9721.1,925680,824205,2875.8,2030.9,76.7,393.6,725175
425158,430458,1011.4,551557,581862,16565.5,15676.4,1.21649e+06,1.09493e+06,4414.7,2979.8,698.5,724.7,725196
506505,546532,949.011,1.1113e+06,1.12653e+06,15497.2,15223,1.27789e+06,1.19809e+06,5423.1,3666.9,698.5,700.3,725216
436332,451460,989.693,917139,970999,18127.2,17724.2,1.53631e+06,1.41247e+06,6007.9,4029.7,712.8,551.7,725217
456044,462307,1010.13,1.36139e+06,1.41184e+06,43685.1,42034.7,3.35309e+06,2.98385e+06,6181.8,3746.6,875,716.4,725284
259903,295254,901.411,1.33611e+06,1.42832e+06,1882.4,1903.7,3632.2,3227,4055.6,2792,275.6,344.8,725474
517108,558605,947.939,1.52532e+06,1.57051e+06,46361.6,45763.9,3.29153e+06,2.98842e+06,6477.7,4057.3,615.7,691.8,725507
527508,547468,986.672,1.34906e+06,1.40449e+06,18174.1,17496.5,1.73677e+06,1.5596e+06,4746.1,3169.6,933.8,1038.9,725637
500440,525545,975.086,791289,800109,22930.9,21280,1.7714e+06,1.58241e+06,4052.6,2644.3,370.1,433.6,725642
425022,434637,1001.36,894515,939496,20567.1,20191.6,1.48288e+06,1.36749e+06,6175.9,3723.3,892.6,742.9,725654
210329,225673,954.376,393009,432866,1555.2,1452.2,1734.7,2224.3,1806.4,1568,14,459.9,725682
437032,450578,993.219,970462,1.01079e+06,23883.9,22915.6,2.13373e+06,1.9457e+06,5909.2,3908.5,676.7,696.4,725710
443971,464381,979.004,894208,922111,27380,26716.1,2.32121e+06,2.157e+06,7439.9,4428.5,1181,747.4,725742
456527,448478,1042.39,1.02885e+06,1.10527e+06,7764.9,7569.2,363863,335121,6055.9,3846.7,875.6,660.8,725808
511475,556307,941.482,1.46627e+06,1.49243e+06,26192.4,25408.5,2.31034e+06,2.09312e+06,5253.5,3487.4,354.1,656.1,725840
492745,517691,974.662,996399,1.02586e+06,29230.3,28604.2,2.19233e+06,2.01571e+06,6904.2,4615.3,874.1,725.8,725884
439765,456053,987.439,955708,1.00151e+06,13104.8,12380.5,1.25587e+06,1.16582e+06,7311.3,4302.5,768.3,602,725959
528456,570070,949.258,1.36421e+06,1.36091e+06,30118.9,28838.7,2.13745e+06,1.8899e+06,5508.2,3722.3,607.1,703.4,725969
515312,533730,988.667,603142,585754,7874.3,7123.7,707648,619053,2119.1,2099.8,208.9,398.3,726023
661978,685378,989.042,1.48941e+06,1.45481e+06,43688.3,39493.5,3.63754e+06,3.07838e+06,9287.9,6161.6,1171.5,897.7,726106
509889,540930,965.241,967771,967959,27332.6,25929.5,1.76781e+06,1.58726e+06,3345.5,2633.6,146.8,711.2,726117
497575,525329,969.901,709015,705250,15056.2,14437,1.41953e+06,1.25954e+06,3007.6,2193.5,498.8,598.2,726118
281669,323401,891.865,439220,466339,658.8,1143.5,3651.2,3747.9,1080.1,743.8,265,374.2,726128
493990,534888,945.716,1.02784e+06,1.03911e+06,22098.4,21666.7,2.05465e+06,1.88557e+06,5611.5,3812.7,737.8,715.6,726185
543111,571073,973.862,1.38357e+06,1.42073e+06,32929.6,30872.7,2.21788e+06,1.94372e+06,5726.5,3781,594.2,566.8,726231
522225,530081,1008.82,456610,456252,15801.6,14888.1,1.25847e+06,1.10413e+06,3585.6,2360.6,495.3,584,726236
488281,530107,943.21,1.07163e+06,1.11818e+06,15078,14431.4,1.33386e+06,1.24931e+06,6236.6,4104.1,454.1,670.9,726287
516423,527244,1002.99,407714,428010,6386.1,5642.3,454426,405507,2300.6,1671.1,439.4,437.5,726300
1.492e+06,1.0235e+06,1492.74,2.99102e+06,2.13169e+06,88824.4,60873.3,5.62855e+06,3.67618e+06,14649,8218.5,1922.1,1244.9,726358
509654,538084,969.902,730983,715325,9718.2,9278.4,876942,761374,2897.3,2056.1,80.5,614.4,726402
460992,482115,979.141,981735,1.03521e+06,31960.6,29878,2.41552e+06,2.14715e+06,6400.7,4154.1,612.4,726.6,726413
160289,187042,877.542,305519,333835,3505.9,3814.9,13522.9,14986.3,1182,943,902.7,1102,726596
500470,536180,955.807,869384,862813,28458.1,27267.4,1.87468e+06,1.68016e+06,4365.7,3212.9,521.5,532.4,726655
548778,572582,981.439,419562,443121,6998.3,6860.2,594207,520903,1432.6,1317.9,167,394.6,726684
526263,556983,967.533,1.30642e+06,1.3458e+06,21087.8,19988.3,1.6935e+06,1.51607e+06,4606.4,3306.6,492.4,1090.7,726735
515770,542560,973.437,986380,1.02588e+06,17712.7,17465.9,1.10989e+06,1.01646e+06,5271.8,3705.6,432.5,650.1,726758
500022,534454,958.038,1.03108e+06,1.05386e+06,35493.4,34065.4,2.64465e+06,2.43769e+06,5865,3915.8,805.2,669.4,726759
514479,543483,969.358,1.16664e+06,1.21215e+06,25247.1,24180.6,2.09185e+06,1.90203e+06,4982.2,3588.1,675.6,701.2,726781
193624,213429,928.998,90123.5,99532.5,670.7,1018.1,2281.1,2310.6,536.1,570.9,-25.6,442.5,726813
681081,725235,961.66,702272,705433,3006.9,3203.8,12415.5,11779.7,2439,1781.7,260.3,421.6,726922
507954,536201,970.058,585866,565740,9526.9,9204.4,953718,836804,2116.2,1639.5,178.4,471.2,726928
453245,442875,1047.98,46893.6,49072.9,1512,1885.6,5495.2,5163.3,1309.1,920.4,220.4,515,727004
541935,570464,972.789,1.36914e+06,1.3886e+06,27773.1,26038.1,2.34551e+06,2.06873e+06,6704.2,4336.2,821.6,847.2,727021
523440,544014,985.283,707751,704464,8716.2,8369.6,654294,578712,2518.7,2193.9,419.5,512.2,727090
508901,546158,954.156,1.0511e+06,1.04503e+06,31580.9,30164.7,2.56732e+06,2.28189e+06,4609,3277.6,425.1,784.1,727128
617481,650089,972.637,1.3755e+06,1.39888e+06,54648.3,51766.9,3.08719e+06,2.71657e+06,8524.9,5296.3,1070.9,891.1,727133
1.34179e+06,985152,1394.7,1.1513e+06,900036,10418.2,7644.9,35108.2,26313.5,8923.2,4938.6,809,774,727175
459356,475579,989.073,1.47459e+06,1.56155e+06,33707.9,33127.1,2.90725e+06,2.66243e+06,6009.3,3990.3,634.7,722.1,727236
431003,446336,988.821,887979,951962,28683.8,27850.5,2.17824e+06,1.99913e+06,6752.3,4078.9,1006.5,717,727298
814427,626659,1330.83,689737,575431,39358.2,30238.8,2.5012e+06,1.84209e+06,6407.7,3537.2,449,595.5,727398
166912,192747,886.758,325400,353422,3706.6,4163.6,16524.1,18376.8,18087.2,10805.9,1062.9,929.7,727488
453827,463880,1001.81,889614,946888,29336.8,28054.5,2.27995e+06,2.07948e+06,5835.8,3457.2,802.3,797.2,727549
494210,534660,946.535,1.18962e+06,1.23566e+06,19982.4,19304,1.57952e+06,1.46097e+06,5399.6,3694.1,787.9,692.1,727600
501441,549629,934.229,1.01586e+06,1.03299e+06,15276.4,14950.2,1.35864e+06,1.21909e+06,6184.9,4298.6,884,858.8,727630
473346,502694,964.227,1.32592e+06,1.40143e+06,28796.9,28436.8,2.31331e+06,2.14462e+06,6616.9,4181.5,677.3,704.8,727693
541843,605118,916.933,1.41383e+06,1.48018e+06,35004.4,35600.7,380940,360317,9178.9,5390.2,1065.9,826.8,727695
507560,532732,975.623,630025,613381,11101.4,10372.3,832998,730744,2691.8,1877.6,412.6,474,727799
1.81878e+06,1.40252e+06,1327.92,4.92896e+06,4.05683e+06,107792,83905.5,9.36523e+06,5.627e+06,28149,16149.8,3336.2,1955.6,727843
526384,579683,929.851,1.51576e+06,1.54539e+06,37613.9,36406.6,2.37198e+06,2.13251e+06,5225.5,3412.3,460.6,622.6,727849
456429,467426,999.912,1.40299e+06,1.48315e+06,42420,41267.4,3.0699e+06,2.80504e+06,6460.5,3894.4,622.7,543.1,727896
530858,564402,963.142,1.43025e+06,1.43682e+06,24512.6,22829.5,2.24884e+06,2.01371e+06,5554.4,3487.7,541,618.4,727950
528720,571395,947.527,1.57111e+06,1.5963e+06,25939.9,24588.2,2.82944e+06,2.54015e+06,5664.5,3824.2,596.9,619.8,727998
408226,407617,1025.53,870151,908886,41079.5,39882.6,2.74724e+06,2.52802e+06,7060.3,4165.1,1052.4,789.5,728001
271286,265542,1046.17,695496,646057,1453.4,1462.3,5206.8,3937.6,1892.4,1559.7,137.3,470.7,728045
445242,458126,995.214,1.4959e+06,1.58634e+06,44197.5,43019.6,3.0864e+06,2.81439e+06,5597.3,3698.9,777.1,737.1,728048
504473,530339,974.061,751899,751913,13814.9,13152.3,1.31770e+06,1.18168e+06,3521.2,2539,602.4,684.5,728077
540282,559699,988.48,1.51448e+06,1.572e+06,20978.6,20214.4,1.60118e+06,1.4207e+06,4809.9,3305.6,694.4,607.3,728131
502642,539161,954.643,1.16562e+06,1.20579e+06,23768.9,23037.2,1.90536e+06,1.77135e+06,5766.4,3851.2,763.2,751.5,728181
487252,517066,964.959,1.02466e+06,1.07053e+06,14505.8,13816.4,1.56709e+06,1.463e+06,7872.9,5046.7,1026.7,968.2,728196
513297,530943,989.979,621682,601443,15881.4,14406.9,1.0506e+06,908587,2575.6,1708.9,248.9,478.7,728277
525607,537969,1000.47,515499,542255,13140.1,12461,888138,792421,2263.8,1689.9,302.5,546.4,728284
510818,536614,974.783,1.32064e+06,1.34312e+06,34166.3,32563.6,3.10105e+06,2.80142e+06,6339.1,3868.1,722.5,609.5,728325
1.02833e+06,879593,1197.16,1.65028e+06,1.34274e+06,32075.4,25496.4,2.29186e+06,1.73589e+06,5485.3,3651.2,712.3,535.2,728369
532642,552164,987.804,1.07221e+06,1.13428e+06,25901.1,24850.6,2.09056e+06,1.87979e+06,7182.8,4434.1,970.4,867.6,728423
543154,551343,1008.8,395567,411724,10977.6,10136.9,849227,737744,2230.2,1696.2,91.7,462.4,728654
496603,531485,956.802,1.01055e+06,1.04187e+06,23701.6,22253.4,2.17381e+06,1.99651e+06,6231.2,4152.2,727.8,611.4,728690
427782,451700,969.786,988913,1.03981e+06,27018,26540.5,2.34716e+06,2.18745e+06,6745,4239.2,678,784.6,728788
507628,526595,987.122,952022,987216,24075.4,23006.8,1.42033e+06,1.29187e+06,6210.1,3609.9,1170.6,763.9,728798
486105,514187,968.079,948132,1.00277e+06,19475.4,18933.6,1.96173e+06,1.78376e+06,6565.6,3976.8,849.7,733.9,728903
518003,549134,965.958,874536,859911,10905,10783.7,928886,818539,2579.2,1716.5,230.7,447.5,728920
445512,463537,984.183,1.25171e+06,1.3205e+06,39267.7,38151.9,2.94104e+06,2.71509e+06,5960.1,3795.3,709.8,911.6,728975
498800,542549,941.435,1.02132e+06,1.034e+06,32904,31897.4,2.35779e+06,2.16722e+06,5998.8,3869.2,805.2,759.5,728991
1.08397e+06,893660,1242.07,2.26252e+06,2.00773e+06,63688.9,51522.2,4.51724e+06,3.50591e+06,15737.6,8718.2,2169.8,1327.4,729186
801505,688659,1191.8,273820,235728,7377.8,7088.1,15154.1,13574.3,4731,3045.4,843.7,710.2,729286
521257,560288,952.665,1.28488e+06,1.30902e+06,22592.2,21870.9,1.93571e+06,1.7608e+06,4881.3,3923.6,542.1,544.9,729296
475494,490920,991.822,734353,787652,19315.3,18768.6,1.69499e+06,1.51685e+06,4406.2,2958.3,517.3,472.2,729341
439124,448072,1003.57,727826,782050,29457.8,28696.1,2.01593e+06,1.8666e+06,3792.4,2644.4,832.3,668.9,729556
490783,531132,946.215,975817,986642,18398,17544.3,1.41274e+06,1.2912e+06,6311.4,4513.3,897,874.2,729595
839438,634258,1355.26,2.50122e+06,1.96935e+06,52240.7,38647.9,5.26426e+06,3.7934e+06,12585,6919.2,1416.8,964.7,729607
490286,507772,988.744,1.21735e+06,1.23381e+06,29165.6,26578.8,2.68395e+06,2.34368e+06,6556.2,3878.8,749,696.1,729633
447166,470373,973.488,1.01667e+06,1.06684e+06,29718.5,29171,2.00515e+06,1.86287e+06,7441.6,4542.2,955.7,667.5,729647
865047,528150,1677.21,2.28357e+06,1.46123e+06,31588.8,19200,3.02078e+06,1.85182e+06,12494.4,6543.5,1745.1,979.9,729679
508051,545410,953.862,990448,986393,18079.6,17434.5,1.72226e+06,1.55523e+06,5902.4,4162.1,692.9,657.6,729689
503816,531326,970.992,1.00694e+06,1.0296e+06,30407,29398.4,2.73722e+06,2.49693e+06,6765.5,4555.2,957.6,746.4,729782
1.02048e+06,1.04017e+06,1004.62,1.42605e+06,1.43082e+06,19228.5,17894.3,1.18109e+06,1.03174e+06,8180.7,5540.2,776.6,1263.4,729891
798006,626659,1304,1.53258e+06,1.25173e+06,36241.8,28431.7,2.69268e+06,2.05409e+06,10072.9,5963.9,1351.7,935.6,729914
503394,526779,978.548,731799,730409,17280.1,16019.2,1.42694e+06,1.27142e+06,3976,2571.4,637.5,633.5,730039
503273,528800,974.567,1.21451e+06,1.26249e+06,24325.5,23947.1,1.71342e+06,1.58875e+06,6929.2,4650.6,1111,1008.1,730059
497415,541731,940.237,985405,981435,19385.7,18262.7,1.93743e+06,1.75524e+06,5850.6,3640.5,668,759.3,730288
504816,524572,985.441,569585,583745,16320.2,15522.5,1.118e+06,1.00201e+06,3478.8,2460.3,583.8,861.9,730291
504914,535753,965.057,1.03863e+06,1.07337e+06,26592.7,26648.8,2.14323e+06,1.97541e+06,7364.3,4515.5,1090.3,792.8,730363
530981,562413,966.779,1.37582e+06,1.39349e+06,50448.9,48760.3,2.99504e+06,2.69708e+06,5048.6,3519.3,657.7,580.7,730465
1.03323e+06,1.07185e+06,987.112,1.86187e+06,1.88459e+06,70379.5,65130.8,4.27729e+06,3.70579e+06,12659.4,7547.4,1708.8,1166.3,730522
430585,446823,986.8,978123,1.0359e+06,29693.1,29036.1,2.52334e+06,2.32005e+06,6138.3,3737,665.1,691,730524
476751,508643,959.801,1.21417e+06,1.27236e+06,23494.2,23338,1.91826e+06,1.78501e+06,6394.6,4075.1,577.7,651.4,730668
497914,533069,956.476,1.23344e+06,1.27e+06,31846.5,30275.5,2.64054e+06,2.36827e+06,4427,2931.3,789.1,890.5,730690
455194,464241,1004.05,993288,1.07404e+06,32934.9,32216.4,2.44167e+06,2.22384e+06,4624.9,2975.6,588.6,550.1,730774
441208,456764,989.133,1.16994e+06,1.24194e+06,33090.3,31618.2,2.25431e+06,2.05047e+06,5528.8,3213.5,583.9,473.3,731125
446286,469001,974.407,1.20124e+06,1.2638e+06,33823.5,32702.6,2.92123e+06,2.63785e+06,5329.4,3176.2,850.7,717,731638
507997,528539,984.206,1.09003e+06,1.12262e+06,20084.4,19096.5,2.02942e+06,1.8385e+06,4897.2,2993.9,867.4,543.4,731698
459406,471460,997.827,1.44223e+06,1.49889e+06,34991,33865.6,2.57018e+06,2.31971e+06,5007.9,3155.8,677.2,748.6,731990
497988,524959,971.402,1.00603e+06,1.04849e+06,23757.1,22629.4,1.77906e+06,1.62169e+06,6143.8,4041,857.3,717.1,732118
483540,500265,989.765,1.08158e+06,1.13913e+06,21566.6,20739.7,1.85859e+06,1.70345e+06,5583.5,3537.6,832,673.7,732143
499593,531133,963.2,1.09247e+06,1.10972e+06,28975.5,27916.2,2.11497e+06,1.93441e+06,5205.9,3750.9,926.8,803.9,732291
847377,650884,1333.14,2.3756e+06,1.99273e+06,50308.3,37599.7,4.18224e+06,3.0926e+06,10683.1,5973,1363.9,962.9,732399
516662,546896,967.389,1.26008e+06,1.29333e+06,36834.7,35138,2.92224e+06,2.64457e+06,5864.4,3812.3,694.8,551.5,732618
500058,524066,977.092,942919,989144,29949.7,28544.5,2.02562e+06,1.84031e+06,6853.1,4329.8,855.6,686.6,732642
1.3174e+06,1.15138e+06,1171.65,3.11386e+06,2.77731e+06,104484,85794,6.29121e+06,4.93825e+06,17249.8,10168,2045.4,1619.4,732760
455502,470303,991.786,928319,985617,18956.6,18179.2,1.48009e+06,1.35218e+06,5884,3619,540.2,717.9,732910
508396,524170,993.188,1.33189e+06,1.39629e+06,32489.1,30513.3,2.69856e+06,2.38137e+06,4671.4,3074.2,316.1,624,732912
480807,492303,1000.1,1.25005e+06,1.31434e+06,17958.4,17603.9,2.07056e+06,1.88873e+06,5831.6,3754.6,832.6,677.3,733441
478834,502832,975.128,1.18883e+06,1.24965e+06,15972.7,15363.4,1.53386e+06,1.38673e+06,5095.1,3071,614.5,676.3,734292
484445,508567,975.442,978426,1.00734e+06,25890,25138.2,1.74731e+06,1.58981e+06,5733.2,3666.9,739.3,918.7,735727
536912,554198,992.071,1.49595e+06,1.55462e+06,30206.5,29007.1,1.79115e+06,1.59717e+06,5368.1,3466.1,338.3,728.8,735851
483015,504867,979.683,1.23126e+06,1.30729e+06,37010.3,35969.5,2.6783e+06,2.44397e+06,5650.7,3297.4,435,660.6,736443
512254,543822,964.568,1.25425e+06,1.30306e+06,28389.2,27270.4,2.84701e+06,2.58784e+06,4880,3329.3,454.2,629.3,736515
497214,522015,975.361,993710,1.02805e+06,16508.8,15733.8,1.39203e+06,1.26485e+06,6042.5,3990.7,652.4,694.3,736639
480076,499080,985.009,1.32627e+06,1.36692e+06,36906.5,34819.5,2.90647e+06,2.58473e+06,6191.2,3678.5,951.8,716.6,736952
505871,522819,990.81,1.03627e+06,1.07805e+06,16824.5,16122.1,1.6407e+06,1.49721e+06,4981.7,3349.2,699.2,814.8,737121
498979,523233,976.535,1.45866e+06,1.50894e+06,25644.3,25208.9,1.74204e+06,1.5827e+06,6197.1,3749.8,801.2,773.5,737169
433222,458074,968.448,938799,970269,20074.7,20099,1.55866e+06,1.44736e+06,5270.8,3362.9,875.8,616.5,737320
499744,519060,985.901,1.00279e+06,1.01979e+06,22282.9,21718.1,1.6605e+06,1.51886e+06,6449.2,3689.8,809.1,790.7,737813
514725,531167,992.315,1.1448e+06,1.18653e+06,23582.7,22615.9,2.70739e+06,2.45623e+06,5598,3577.2,473.9,657.5,738300
511860,535227,979.298,943287,986284,16826.6,15891,1.30815e+06,1.17087e+06,4892.2,3417.6,482.4,406.5,738383
4.07838e+06,1.28375e+06,3253.18,2.26392e+07,5.66298e+06,33242.4,9378.7,120097,32291.8,46260.4,10288.1,4261,1258.1,738393
1.20378e+06,1.1346e+06,1086.44,2.30866e+06,2.1809e+06,44030.7,37705.3,4.02731e+06,3.2889e+06,12965.5,8271.7,1278.2,1084,738406
485894,505875,983.559,1.49666e+06,1.55872e+06,28567.9,27403,2.04608e+06,1.83754e+06,6442.3,3671.8,918.5,797.1,738768
502035,526244,976.898,929411,968594,22189.1,21347.9,1.9283e+06,1.75684e+06,6063,3849.4,922,955.7,739148
473528,499152,971.432,1.02825e+06,1.08962e+06,21706.6,20453.1,1.99998e+06,1.83481e+06,4703.6,3044.1,283.8,480.4,739182
504506,524560,984.852,998213,1.03822e+06,15723.6,15089.3,1.15739e+06,1.03462e+06,5141.4,3552.6,722.1,687.9,739581
478910,502174,976.573,913708,962813,20648.8,19967.1,1.5331e+06,1.39489e+06,5841.9,3671.5,670.4,565.2,739590
474981,495276,982.047,1.32204e+06,1.37382e+06,42774.8,41815.1,3.27672e+06,2.99112e+06,5845.9,3645.5,858.9,657.7,739764
504527,533382,968.614,1.31441e+06,1.3592e+06,21447.2,20491.4,2.2604e+06,2.06864e+06,6147,3806.8,374,552,739943
495567,520658,974.655,995703,1.01254e+06,18783.9,17913.2,1.87622e+06,1.69586e+06,6923.9,4563.6,639.8,665.5,747208
519282,545826,974.205,1.36105e+06,1.42576e+06,30530.7,28783.5,2.55244e+06,2.29999e+06,5593.8,3370.9,813.9,584.9,747222
468652,482111,995.427,978846,1.03747e+06,25778.2,24477.4,2.10215e+06,1.92635e+06,6248.2,3673.9,832,728.4,748071
528322,550042,983.567,1.43373e+06,1.49638e+06,42696.6,40919.4,2.68155e+06,2.40735e+06,4904.9,3245,295.6,481.4,748197
532430,568706,958.685,1.33342e+06,1.39152e+06,17030.4,16319.1,1.54814e+06,1.37263e+06,5209.5,3544.7,496.4,696.6,748273
505773,529713,977.722,1.19827e+06,1.22328e+06,37553.6,36194.8,2.99274e+06,2.74363e+06,5326.5,3650.2,868.1,647.5,748391
458550,484478,969.209,991294,1.0165e+06,14637.2,13845.6,1.22809e+06,1.11304e+06,6034.1,3816,906.2,729.2,748635
525341,573121,938.632,1.49325e+06,1.50378e+06,34062.6,32070,2.87508e+06,2.54512e+06,6336.6,4157.5,937.4,783.5,749257
456794,481014,972.452,987932,1.01621e+06,23946.6,23042.6,1.92142e+06,1.77545e+06,7053.9,4415.6,927.4,675.9,749314
1.16249e+06,969828,1227.43,2.1407e+06,1.75012e+06,62526.5,50018.4,6.05548e+06,4.70757e+06,16200.5,8786.9,2236.9,1597,749331
466938,479136,997.931,1.13109e+06,1.18438e+06,31728.7,29916.3,2.39025e+06,2.11379e+06,8921.5,5331.8,1214.2,1023.8,749473
505149,528358,979.028,1.12929e+06,1.1723e+06,36312.3,34778.1,2.59364e+06,2.36685e+06,5546.1,3671.3,1005.4,786.6,749699
540439,554215,998.557,1.43646e+06,1.48939e+06,49829.5,47594.9,2.89093e+06,2.56498e+06,5002.8,2994.2,484.5,494.5,749918
474650,494668,982.567,1.26143e+06,1.31703e+06,28643.9,28077.6,2.35894e+06,2.17987e+06,6074.4,3604.9,602.3,608.5,750463
191018,225348,868.017,364422,393846,4083.5,4533.3,17001.4,18215.8,2523.4,2017.1,630.1,875.7,750512
503390,532377,968.245,1.00321e+06,1.01843e+06,17524.1,17128.1,1.28939e+06,1.17934e+06,7238.2,4715.2,1015.3,745.3,751067
497482,522167,975.603,1.29431e+06,1.36052e+06,32469.5,30056.4,2.94843e+06,2.61078e+06,6029.5,3487.4,447.9,716,751113
488468,515030,971.199,1.02228e+06,1.05539e+06,19845.4,18586.6,1.65736e+06,1.47683e+06,5348.9,3610.6,342.9,482.9,751195
477588,488950,1000.22,1.42846e+06,1.51726e+06,22034.8,21474.7,1.59051e+06,1.417e+06,5611.3,3313.9,441.5,725.4,751262
3.18022e+06,1.35778e+06,2398.44,7.96094e+06,4.13157e+06,387844,235684,2.48494e+07,5.69176e+06,44372.1,19074.4,7741.5,3807.7,751698
495266,515786,983.265,966716,1.01909e+06,16033,14903.4,1.53752e+06,1.40324e+06,6388.6,4182,936,852.7,751987
497464,528079,964.646,1.30501e+06,1.33574e+06,30259.2,29696.7,1.97483e+06,1.80256e+06,6085.8,3958.1,851.2,905.6,752078
496984,521386,976.078,926638,965525,22052.7,21050.9,2.05329e+06,1.87143e+06,6390.1,4095.5,800.4,739.9,752103
501970,527961,973.59,1.00187e+06,1.02202e+06,34121.3,33398.1,2.20815e+06,2.01716e+06,6823.1,4398.8,604.4,700.3,752782
536841,573597,958.391,1.50816e+06,1.5291e+06,22949.5,21574.3,1.31312e+06,1.14924e+06,5963.4,3832.5,717.3,704.8,753121
454172,476700,975.616,930786,983246,27653.8,26412.8,2.0196e+06,1.85561e+06,6265.8,3752.7,544.8,570,753437
507602,527928,984.589,1.15507e+06,1.19423e+06,23127.6,21424.8,2.25589e+06,1.97783e+06,5176.6,3149.1,635,581.2,753479
450363,476046,968.765,1.01146e+06,1.06533e+06,23727.7,22714.4,2.28996e+06,2.11041e+06,5954.1,3695.4,1181.2,949.8,754229
2.20039e+06,1.57857e+06,1427.37,5.93456e+06,4.18192e+06,217162,150641,1.70145e+07,5.69224e+06,34225.6,17352.2,4579.9,2560.3,754286
504192,527410,978.924,967054,1.00667e+06,23668.5,22480.2,1.63472e+06,1.49713e+06,6141,3790.6,820.8,857.9,820929
502875,537136,958.685,966838,1.00715e+06,28375.7,26961.5,2.36772e+06,2.14616e+06,6901.5,4529.2,766,815,821099
168786,200196,863.353,324384,352606,3612.3,4396.8,13979.1,15246.7,11597.5,7246,799.6,935.5,822035
484152,498845,993.847,1.33933e+06,1.41611e+06,38131.9,36650.9,2.9721e+06,2.66879e+06,4966.4,3028.4,672.6,655.5,822441
498128,518340,984.077,1.03037e+06,1.0753e+06,30011.5,28770.5,2.3149e+06,2.10291e+06,6077.6,3843.8,770.4,866.4,822758
509706,537955,970.232,1.17106e+06,1.22585e+06,15586.6,14760.1,1.21104e+06,1.10937e+06,5337.5,3485.3,763,576.6,823846
1.3173e+06,1.10572e+06,1219.94,3.02181e+06,2.58092e+06,47391.8,37651.7,5.14133e+06,4.00681e+06,16086.6,9482.3,1804.9,1370.6,824929
998332,1.01926e+06,1002.99,2.34114e+06,2.41111e+06,66195.7,62309.9,4.52188e+06,4.03579e+06,11079.7,6550.1,1478.7,1248,825932
454673,473255,983.808,887323,944801,16419.5,15625,1.41298e+06,1.28502e+06,5634.1,3248.1,824.5,716.7,826284
1.44129e+06,1.28406e+06,1149.39,4.08553e+06,3.64876e+06,126548,107675,9.36696e+06,5.64619e+06,23678.9,12539.6,3069,1931.7,826503
1.00451e+06,1.03447e+06,994.345,2.38695e+06,2.46073e+06,62168,57377.3,5.21832e+06,4.55729e+06,11441.8,6880.2,1326.4,885.8,826542
463892,493421,962.726,1.02755e+06,1.06968e+06,29197.2,28565.4,2.58867e+06,2.41969e+06,6775.7,4099.7,854.2,677.2,827524
464080,476629,997.05,920024,971405,18114,17317.9,1.39321e+06,1.28293e+06,6319.6,3960.1,933.4,868.1,827610
981175,1.01833e+06,986.64,1.98955e+06,2.072e+06,55362.3,52216.6,4.99408e+06,4.51895e+06,11210.5,6922.4,1490.7,998.7,827933
497702,521648,976.993,962562,999242,30673.6,29200.7,2.08555e+06,1.86795e+06,6004.2,3764.2,579.5,588.8,828197
474293,489576,992.048,1.27872e+06,1.34682e+06,34836.4,33748.8,2.81009e+06,2.55958e+06,5384.1,3224.4,709.4,589.2,828393
480633,499151,986.022,1.09784e+06,1.1637e+06,22087.8,21101.5,1.59344e+06,1.46576e+06,5118.5,3306.1,783.4,768.9,829406
496968,511683,994.559,1.00484e+06,1.06231e+06,22033.5,21741.4,1.98782e+06,1.81285e+06,5757.8,3742.2,1001.5,885,830146
521974,555679,961.9,1.16799e+06,1.21227e+06,26868.2,24588.4,2.4795e+06,2.17112e+06,8526.9,5337.9,1367.7,931.4,830164
480580,500500,983.25,1.40243e+06,1.4815e+06,37540.3,36345.9,2.98487e+06,2.67806e+06,5566.8,3654.8,788.7,749.2,832367
485174,513307,967.882,1.08017e+06,1.1136e+06,33661.9,33080.1,2.3292e+06,2.15667e+06,6671.4,4255.4,1020.7,852.4,833121
180590,208323,887.688,355224,379297,2853.7,2947,11437.9,11007.1,989.4,828.7,480,650.5,833159
457359,470809,994.748,961504,1.01908e+06,25307.8,24133,2.11035e+06,1.94157e+06,5501.3,3128.9,1147.7,651.4,833259
473684,486069,997.919,859278,914369,23768.1,22832.9,1.90708e+06,1.71251e+06,5115.1,3688.3,580.6,811.2,833340
476864,503974,968.927,1.14648e+06,1.18962e+06,24865.6,24239.8,1.82548e+06,1.66995e+06,6011.1,3704,643.1,617.5,833425
442700,461462,982.377,813717,869741,15929,15166.5,1.11841e+06,1.02658e+06,6850.3,4145.2,760.1,630.5,833454
510450,534197,978.487,584893,586963,12561.3,11912.8,854744,759616,2671.9,2275.7,763.7,505.8,833773
796516,625315,1304.36,1.49665e+06,1.23284e+06,42844.9,35309.2,3.14841e+06,2.49734e+06,8886.9,4927.9,1388.2,924.5,833775
455038,481076,968.583,1.02508e+06,1.05751e+06,22206.8,21331.5,2.04852e+06,1.8925e+06,5848.2,3552.1,657.4,803.4,833790
1.06226e+06,819438,1327.45,2.1796e+06,2.11637e+06,6162.1,4736.7,13939.2,11781.2,4588.8,2845.1,861.2,633.9,833821
368863,420636,897.969,945154,1.04773e+06,744.8,925.1,8314.1,7793.6,2168.6,1480,486.3,639.3,833909
455906,479937,972.727,1.01945e+06,1.07556e+06,10299.4,10143.9,1.17831e+06,1.10801e+06,7675.6,4673.2,1008.4,729.1,833978
810793,768557,1080.28,2.20899e+06,2.20705e+06,70749.7,65018.5,5.03232e+06,4.37889e+06,12337.9,7491.9,1306.2,1048.4,834017
452832,474471,977.311,1.36785e+06,1.42675e+06,21249.7,20572.2,1.39229e+06,1.27948e+06,6046.9,3814.5,611.5,612.8,834090
456664,485060,964.063,952725,999922,22490.6,22016.4,1.76285e+06,1.60422e+06,6264.4,3812.6,686.1,608.3,834276
496199,525352,967.175,998718,1.0107e+06,18449.7,17836.1,1.1103e+06,1.02465e+06,6410.4,4355.7,775.1,965.5,834337
497272,532826,955.674,1.00823e+06,1.04341e+06,22782.4,22001.7,2.164e+06,1.98682e+06,7019.2,4439.4,732.2,626.8,834421
526803,543944,991.73,849024,833301,15283.7,13991.3,1.31896e+06,1.15919e+06,2406,1878.2,562.6,636.9,834463
509648,525963,992.241,493466,509601,9551.4,8732.8,809107,718505,2600.5,1962.6,174.4,432.2,834512
517792,537244,986.93,886141,905093,15986.8,15095,1.16177e+06,1.02484e+06,6171.5,4111.8,932.1,613.4,834532
492943,530149,952.144,1.00458e+06,1.03063e+06,23210.7,22070,1.90377e+06,1.73821e+06,4740.3,3284.1,304.5,471.6,834766
1.81493e+06,1.54059e+06,1206.35,4.22535e+06,3.55955e+06,113996,91343.2,9.87641e+06,5.65481e+06,26091.7,15630,2959,1811.3,834839
536270,550175,998.133,1.12667e+06,1.16141e+06,36334.2,35178.2,2.403e+06,2.18094e+06,4283.3,3570.9,519.8,505,834932
486902,501793,993.613,1.04654e+06,1.1016e+06,18260.2,17301.3,1.15861e+06,1.0584e+06,5270.2,3874.2,371.4,625.9,834954
510321,530677,984.729,698967,695344,11646.3,11074.3,1.11447e+06,997280,2615,2098.9,451.5,623.9,834981
986579,787712,1282.53,1.84352e+06,1.46891e+06,77580,60480,4.93462e+06,3.70859e+06,13717,7884.6,2022,1145.3,835242
488274,508099,984.05,1.33916e+06,1.41269e+06,15504.3,14780.9,1.51958e+06,1.36913e+06,4830.8,3070.8,442.5,753.3,835257
511443,542782,964.886,1.03037e+06,1.02133e+06,14776,14279.1,1.0093e+06,894324,3411.1,2615,385.4,582,835345
522987,544014,984.431,1.0156e+06,1.00312e+06,19736.8,18657.4,1.95817e+06,1.71572e+06,2427.9,1920.4,224.6,520.3,835382
471562,500181,965.418,973164,994004,14031.8,13982.7,1.08255e+06,994617,7145.4,4516.2,645.4,590.7,835471
825652,667256,1267.1,1.99928e+06,1.64357e+06,61691.6,48468.3,4.53514e+06,3.4219e+06,12716.3,7035,1667.5,1114.4,835542
546012,558118,1001.8,535798,568761,13379.8,12664.8,918399,795061,2353.4,1649.9,138.1,589.7,835563
675332,669447,1033.01,1.58441e+06,1.61492e+06,33515.7,30408.8,3.08279e+06,2.57403e+06,11083.6,6606.8,1389.4,908.4,835565
241189,254174,971.708,539007,611467,1152,1286.1,2831.7,3019,1250.5,992.9,354.1,394.4,835571
182282,216384,862.648,339935,360741,3523.1,4127.8,13443.9,14218.7,607.5,1086.6,539.7,680.6,835573
503477,546141,944.015,1.19601e+06,1.21817e+06,36146.2,34609.8,3.02673e+06,2.77478e+06,5537.1,3833.1,524.1,725.9,835811
517171,551248,960.711,1.09085e+06,1.10563e+06,22846.4,21516.6,2.22815e+06,2.00063e+06,4334.3,2915.9,875.5,639.6,835817
500196,533005,960.977,1.32162e+06,1.36998e+06,38287.1,38450.1,2.4642e+06,2.2908e+06,6395.1,4047.2,959.6,765.1,835884
507033,538983,963.311,944642,944400,14738.6,14160.7,1.58253e+06,1.42264e+06,4529,3326,365.5,603.1,835960
524220,542170,990.099,562574,573007,8810.2,8244.5,639745,571290,1600.5,1425.2,8.1,336.5,835977
851334,718125,1213.96,1.30814e+06,1.17098e+06,40038,32616.3,2.96426e+06,2.32281e+06,11587.6,7206.3,1617.4,975,836017
442536,445508,1017.18,173311,177206,8292.1,8054.9,760400,685135,2230,1697.5,281.1,519.2,836041
1.03553e+06,779162,1360.93,2.00364e+06,1.77831e+06,68343.9,50171,6.23292e+06,4.42211e+06,20658.8,11652.6,2331.3,1641.6,836058
513318,535283,981.985,914940,899750,21574.5,20138.3,1.49519e+06,1.32121e+06,2860.9,2013.7,640.4,519.2,836129
495696,534892,948.968,946077,942831,11294.3,10953.6,1.16442e+06,1.04039e+06,5302.1,3838.5,627.2,565.6,836258
532240,553648,984.418,1.19853e+06,1.2085e+06,23876,23001.3,1.45007e+06,1.28407e+06,3657.8,2439.2,290.8,439.9,836326
829174,626691,1354.86,2.15537e+06,1.66753e+06,47141.2,37074.1,4.03612e+06,3.05914e+06,12080.1,6854.8,1590.9,1041.2,836366
455947,470241,992.874,1.37751e+06,1.43172e+06,23056,21711.5,2.62036e+06,2.32868e+06,6093.9,3554.5,861.2,810,836406
577425,358337,1650.08,2.54528e+06,1.69477e+06,3368.8,2204.3,10398.6,5668.3,6933.4,3471.4,222,508.5,836417
509280,530704,982.662,608970,600203,11926.3,11265.8,1.11855e+06,989259,3031.4,2051.1,315.6,693.7,836461
446415,471156,970.234,1.36723e+06,1.45089e+06,21030.8,20838.4,2.403e+06,2.22755e+06,6559.6,4171,440.8,719.7,836486
439866,456494,986.712,1.00546e+06,1.0628e+06,39833,37892.9,3.20622e+06,2.91219e+06,7271,4303.5,856.6,765.3,836505
498392,546321,934.166,1.09355e+06,1.13586e+06,22331.4,21664.3,1.8174e+06,1.69208e+06,6059.8,4073.5,719.3,737.5,836547
838338,791182,1085.04,478634,470299,1741.6,1523.6,5428.3,5433.5,1760.5,1226.9,236.9,453.9,836553
742904,746308,1019.33,557928,573073,15002.5,13231.6,1.03061e+06,869734,2582,2039.9,314.2,457.6,836563
469256,494743,971.262,926053,978783,18113.2,17334.3,1.86478e+06,1.69935e+06,6980.9,4192.8,884.9,818.5,836618
501404,536389,957.219,1.08339e+06,1.09947e+06,28674.2,27662.6,2.23716e+06,2.04347e+06,5145.9,3370.2,408.1,548.4,836619
449261,474978,968.559,972478,1.02725e+06,18919.7,18320.7,1.64096e+06,1.52926e+06,7132.5,4495.7,887.4,721.1,836656
484311,517022,959.225,1.02797e+06,1.06684e+06,33099.7,32326.9,1.96172e+06,1.81077e+06,7188.2,4616.6,865.5,845.6,836665
544983,575415,969.855,1.23018e+06,1.27253e+06,26969.5,24858.1,1.85577e+06,1.63792e+06,6143.7,4063.6,858.3,620.6,836678
813993,618757,1347.11,1.626e+06,1.28828e+06,37098.1,28200.7,3.47889e+06,2.53367e+06,10076.2,5362.4,1021.5,1005,836772
463560,478310,992.434,939092,993266,20214,18617.1,1.19794e+06,1.06591e+06,6355.7,3554,637.7,893.5,836815
481892,504537,978.041,1.18057e+06,1.24754e+06,35970.1,33672.2,2.42967e+06,2.20711e+06,5826.2,3533.8,602.2,651.9,836886
495805,512943,989.801,980422,994427,26184.5,25146,2.00019e+06,1.81839e+06,6559.5,4070,1253,843.9,836955
525884,567990,948.098,1.17983e+06,1.20528e+06,38414.4,35909.5,2.68894e+06,2.37915e+06,8300.1,5615,908.9,761.6,836990
451318,456162,1013.13,374554,395425,18716.6,18093.8,1.45107e+06,1.34088e+06,3908.9,2437.5,662.6,549.5,837012
661953,639597,1059.8,536372,535123,21950.4,18448.1,1.57539e+06,1.29022e+06,6307.8,4377.4,728,720.5,837110
465733,476547,1000.77,1.09248e+06,1.16609e+06,23813.1,23069.4,2.55383e+06,2.32665e+06,5264.9,3210.2,763.1,646.1,837128
536873,560004,981.711,1.0694e+06,1.07569e+06,20918.5,19730.3,1.8297e+06,1.63884e+06,4115.6,2626.1,593.5,697.6,837153
498938,542277,942.168,1.06154e+06,1.07871e+06,28554.1,27625.7,2.18123e+06,2.02227e+06,6072.5,4011.9,844.1,694.1,837222
497260,535100,951.594,1.09935e+06,1.1202e+06,31298,29892.3,2.09757e+06,1.92318e+06,5771.6,3926.6,371.4,537.7,837253
370023,402216,942.04,633516,623910,6209.7,6331.5,25075.6,23430.3,1610.6,1231.2,1060.2,1081.1,837282
699899,651870,1099.46,252832,228635,3169.9,2981.7,30347.4,23953.4,1689.3,1266.4,425.7,480.8,837317
491417,510706,985.326,1.09554e+06,1.11342e+06,24103.9,22502.4,2.08385e+06,1.85763e+06,6617.3,4261.3,739.3,706.7,837334
421781,427227,1010.95,858023,903295,19058,18569.9,1.38762e+06,1.26356e+06,6156.9,3367.1,970.4,750.3,837425
505159,523477,988.177,744210,723104,20683.2,19467.9,1.25582e+06,1.10818e+06,2136,1874.2,103.1,398.7,837496
507384,530903,978.649,724300,714763,11854.1,10931.1,965569,860041,3099.6,2125.6,538.6,782,837534
449119,459004,1001.96,987032,1.04066e+06,23032.3,21681.1,2.03173e+06,1.83367e+06,5975.3,3624.2,497,557,837563
451132,456900,1011.08,798581,862756,17756.6,17157.9,1.7538e+06,1.60596e+06,4102.7,2466.1,369.1,410.9,837698
477039,493193,990.462,803668,854931,15760.4,15142.7,1.5523e+06,1.42226e+06,6401.3,3755.7,598.5,695.1,837719
157543,182005,886.393,285061,304544,3669,3865.1,14881,15452.5,1095.3,831.3,516,719.4,837779
513593,527766,996.512,412402,433637,10560.3,10064.6,695301,620931,1846.9,1428.2,446.3,652.3,837782
460280,486607,968.61,1.41742e+06,1.4823e+06,35836.6,34192.1,2.5691e+06,2.27971e+06,5391.8,3335.6,625.8,562.1,837789
260392,257337,1036.16,672333,682502,1449.7,1141.7,3005.3,3134.1,1775.8,1394.8,-8,503.5,837841
528747,561398,964.454,1.51596e+06,1.55003e+06,45360.1,43464.5,2.65635e+06,2.37039e+06,6225.6,4083,737.4,728.7,837860
498807,535128,954.497,1.02257e+06,1.05918e+06,30032.8,28573.6,2.67203e+06,2.47023e+06,6769.8,4279.8,597,651.3,837872
465587,472945,1008.07,1.39016e+06,1.44901e+06,50045.1,47957.7,3.42293e+06,3.04221e+06,5300.8,3429.6,396.2,502.5,837875
515822,532782,991.414,728600,714288,10224.1,9558.4,938255,832244,2486.7,2075.7,321.7,645.6,838049
486590,528450,942.889,1.18168e+06,1.18669e+06,37973,35802.1,2.38157e+06,2.08548e+06,8829.3,5454.7,1212.4,1139.7,838066
506592,534065,971.325,1.047e+06,1.05552e+06,17462.5,16517.3,1.7144e+06,1.52725e+06,3724.3,2601,156.2,436.3,838086
734965,707062,1064.42,1.02615e+06,1.02798e+06,26688.4,24850.8,2.10135e+06,1.88085e+06,11838.7,6959,2047.2,1224.4,838204
522965,539044,993.462,961151,994110,29531.8,28114.1,1.89723e+06,1.70004e+06,5891,3768.2,750,616.9,838251
496347,526758,964.892,702373,688794,13721.5,13283.8,1.04876e+06,929413,3505.9,2439.5,404.4,533.9,838280
423769,430520,1007.96,869508,919749,29092.5,28498.6,2.46893e+06,2.27129e+06,6424.6,3693.9,945.1,773.5,838307
443670,460522,986.533,762245,821759,14151.6,13603.2,1.03727e+06,962873,5785.5,3633.4,714.1,640.4,838328
528496,565689,956.675,1.44089e+06,1.49715e+06,16500.1,15744.7,1.57201e+06,1.40865e+06,5377.7,3305.8,597.4,637.4,838435
450480,437458,1054.49,296306,299552,758.6,727.5,1529.1,2114,1136.5,804.3,174.3,440.6,838460
514552,528501,996.982,1.21441e+06,1.26923e+06,29388.5,27482.2,1.99577e+06,1.74505e+06,8031,5061.8,1018.1,865.6,838487
715585,699970,1046.85,1.53127e+06,1.5286e+06,48154.1,44094.8,3.76064e+06,3.2786e+06,12578.9,7323.5,1450.3,976.9,838489
503980,519401,993.597,1.0716e+06,1.0936e+06,24040.4,22934.6,1.80701e+06,1.66031e+06,5818,3620.5,944.2,789.5,838656
481210,521750,944.445,995520,1.00908e+06,13697.7,13352,1.24408e+06,1.13874e+06,6578.8,4490.6,1182.6,873.9,838692
952994,853299,1143.64,2.38978e+06,2.20019e+06,99506,84217,6.89094e+06,5.44876e+06,15452,8921.6,1830,1156.5,838754
512362,533522,983.391,1.42784e+06,1.50022e+06,25470.6,24855.7,1.57992e+06,1.40595e+06,5561,3580.5,680.3,654.6,838783
476912,516039,946.37,1.21543e+06,1.25539e+06,26359.4,25149.3,2.43701e+06,2.25512e+06,7380.5,4804,1285.6,833.1,838789
1.12605e+06,825902,1396.15,2.65982e+06,1.8821e+06,77526.4,54897.1,5.30126e+06,3.64877e+06,15441.2,9135.9,1870.7,1443.8,838811
530146,554798,978.509,1.16681e+06,1.19503e+06,29762.1,27770.1,2.78018e+06,2.41302e+06,5943.4,3839,726.8,656.1,838894
511606,554664,944.508,1.33037e+06,1.35623e+06,14179.7,13544.4,1.41581e+06,1.29685e+06,5114.9,3593.1,710.2,676.5,838940
435464,461009,967.26,1.01708e+06,1.05417e+06,20253.7,19655.9,1.98221e+06,1.83623e+06,6115.3,3722,718.2,647.1,839012
469071,481150,998.303,830486,888812,15756.8,15643.9,1.12476e+06,1.05511e+06,4434.5,3085.1,649.3,727.8,839024
1.0677e+06,817815,1336.89,2.17971e+06,1.68055e+06,55342.8,40105.8,5.04097e+06,3.54347e+06,10504.8,6423.1,1203.1,956.3,839027
421176,434857,991.785,948542,999382,20479.3,19816.9,1.44572e+06,1.32912e+06,4929.3,2978.9,601.2,607.7,839091
988557,891602,1135.35,1.75672e+06,1.47014e+06,30937.2,24725.5,3.05182e+06,2.38031e+06,6892.6,4376.7,537.1,505.8,839162
476924,493285,990.046,637124,679499,24327.5,24041.9,1.83946e+06,1.64381e+06,3761.8,2850.2,529,586.4,839289
511216,535172,978.171,1.18453e+06,1.17582e+06,37711.2,35071.3,2.40325e+06,2.08556e+06,6374.8,3974.7,985.6,848.2,839322
521655,565142,945.214,1.57815e+06,1.61358e+06,27988.4,26941.9,2.72059e+06,2.43532e+06,6423.1,4102,797,852.3,839383
518197,561912,944.348,1.47979e+06,1.53075e+06,32284.6,30744.3,3.3269e+06,3.0381e+06,5810.6,3866.5,417.6,705.9,839385
444536,459577,990.488,464111,486898,19855.7,18701,1.50047e+06,1.3396e+06,5211.7,3248.3,833.9,581.4,839423
872268,806096,1108.07,2.06935e+06,1.88034e+06,50411.3,44378,3.76589e+06,3.14751e+06,13687.1,8060.1,1743.1,1106,839517
438149,455966,983.999,1.03045e+06,1.07676e+06,36639.1,36310.8,2.47253e+06,2.30686e+06,5909.9,3644.1,641.3,500,839586
522652,569098,940.429,1.421e+06,1.4295e+06,30599.2,29130.4,2.54283e+06,2.29146e+06,5596.9,3792.4,727.3,762.4,839732
431829,439200,1006.83,951979,989805,19304.3,17623.1,1.91645e+06,1.68582e+06,7610,4105.1,943.4,724.1,839789
532956,556578,980.543,776482,787568,23226.6,22028,1.28732e+06,1.11867e+06,2408.2,1601.5,224.9,444.9,839806
514188,537776,979.099,409413,431317,8763,7865.1,607381,545329,1414.6,1351.3,335.2,506.2,839985
161634,184493,897.146,313100,338617,3473.5,3922.8,14782.7,15337.5,1114.4,922.1,756.7,878.5,840070
657305,581974,1156.56,1.60476e+06,1.47527e+06,4924.8,4140.1,19290.6,15097.2,5084.6,2964,452.6,607.8,840166
502440,530774,969.347,886334,886847,16911.6,15582.9,1.26111e+06,1.1344e+06,5179.7,3598.3,762.1,841.9,840222
981816,808331,1243.78,1.2967e+06,1.03548e+06,27584.3,20640.8,1.97948e+06,1.44737e+06,6054.3,4087.1,778.9,823.8,840320
530026,565379,959.974,771076,742062,12510.6,11871.8,929472,785242,2162.4,1850.6,123.5,467.8,840321
489823,538213,931.942,993678,998819,18618.2,17819.5,1.60271e+06,1.46692e+06,6263,4527.2,835.2,736,840323
521902,541605,986.757,815969,844692,19903.9,18807.1,1.41994e+06,1.30233e+06,4825.8,3666.8,884.1,789.8,840326
417360,424643,1006.44,608794,646441,30201.2,29727.7,1.86817e+06,1.72466e+06,4456.6,2746.3,598.5,672.1,840370
402479,412344,999.5,727246,769837,10753.3,10015.5,1.19904e+06,1.09686e+06,5805,3557.5,566,563.6,840469
934852,819456,1168.2,462186,353861,2282.6,2125.6,7098.3,5941.3,1940.6,1434.9,513,509.3,840542
425905,444989,980.094,991868,1.05032e+06,19883,19965.2,1.67557e+06,1.56439e+06,6775.5,3859.6,891.2,968.5,840583
573857,601754,976.531,1.1735e+06,1.21443e+06,28608.3,26958,2.61038e+06,2.36192e+06,7070.1,4311.3,710.3,601.2,840708
414183,421817,1005.47,822884,868470,16420.6,15763.5,1.55651e+06,1.41905e+06,6559,3955.8,909.6,692.6,840731
1.61139e+06,1.40382e+06,1175.41,6.29972e+06,5.4704e+06,11135.3,9588.6,42082.9,35240.3,14303.3,8736.4,1567.5,1353.1,840734
192182,217966,902.89,312688,332888,3511.3,3605.5,13410.9,14153.3,1299.7,1088.7,334.2,592.3,840745
695178,716727,993.222,1.43518e+06,1.39134e+06,22731.7,20399.3,2.2068e+06,1.95791e+06,11119.2,7076.2,1098.3,937.4,840876
493292,532894,947.911,969473,1.01378e+06,24177.1,22996.5,1.94227e+06,1.7721e+06,6738.1,4674.2,795.7,723.2,840914
508583,520921,999.747,293187,309369,6045,5754.9,629895,571605,1516.4,1199,117.7,410.1,840930
803037,602689,1364.4,1.12423e+06,877146,29679.7,21650.6,2.88952e+06,2.04941e+06,8623.3,5249.7,977.1,836,841037
446155,462007,988.879,595417,647458,15928.7,15190.6,926624,865571,4471,3007.8,418.5,602,841085
680168,668643,1041.65,1.62495e+06,1.61372e+06,43161.8,37401.5,3.7075e+06,3.06196e+06,10709.4,5996.4,1050.8,999.1,841087
525408,539234,997.748,433207,441659,6818.5,6978,607443,531340,1706.6,1578.1,129.9,396.2,841118
511653,535457,978.479,719262,700820,8115.4,7694.8,730188,652161,2569.7,1777,324.5,452.7,841209
751868,746457,1031.42,1.79142e+06,1.72934e+06,37183,31548.5,4.13943e+06,3.32977e+06,13470.4,8297.8,1706.4,1165.5,841211
1.06184e+06,973895,1116.48,2.70726e+06,2.07349e+06,11818.5,9744.3,23930.1,20186.2,10132.1,6734,1087.4,863.9,841224
473332,490919,987.329,1.47354e+06,1.54998e+06,27367.3,26442.2,2.20758e+06,2.01354e+06,6890.3,4086.5,465.5,434,841340
521654,535393,997.724,386304,405317,8832.5,8868.8,728526,658870,1529,1044.2,239.9,496.7,841404
504774,537408,961.818,819989,824004,16728.9,16411.8,1.67805e+06,1.50267e+06,3681.4,2661.5,483.7,663.5,841415
516561,551780,958.646,1.47951e+06,1.5441e+06,25212.2,23973.3,2.7345e+06,2.49482e+06,5373.4,3885.4,178.8,477.9,841437
495012,523059,969.097,1.22353e+06,1.27914e+06,30812.7,30074.9,2.29029e+06,2.12368e+06,5897.6,3897.9,302.5,456.2,841438
178332,204974,890.927,40143.8,41903.7,1290.2,1176.1,4277.1,4486.9,352.9,405.7,271.6,398.2,841560
502509,514392,1000.36,1.13056e+06,1.18612e+06,24414.5,23619.8,2.416e+06,2.20975e+06,4906.6,2923.9,497.4,797.8,841582
450832,464343,994.219,351648,380341,16132.1,15412.3,1.34357e+06,1.22975e+06,3488,2607.7,548,640.7,841634
453322,452394,1026.1,404054,428812,12669,12448.2,1.07654e+06,997101,3823.9,2778.2,413,597.6,841673
795740,767089,1062.25,694680,705122,18470.9,15339.6,1.31483e+06,1.04523e+06,5093,3655.2,785.3,624.1,841761
493941,526309,961.031,1.00001e+06,1.02827e+06,20811,19618.5,2.00223e+06,1.82372e+06,5859.1,3821.8,890.2,688.2,841849
735044,664126,1133.36,898497,881883,8227.8,7423.3,73462.2,63815,5935.3,3970.7,517,559.8,841885
503006,524260,982.494,598837,601113,6156.2,5991,561514,498117,2634.7,1815.5,454.8,674.9,841938
530337,559122,971.284,1.00951e+06,1.00543e+06,20770.9,19085.2,1.40556e+06,1.21107e+06,5928,4162.4,878.4,961.3,841964
343898,346858,1015.26,491467,490186,1758.4,2203.5,6274.3,7494,12250.2,8565.6,2067.7,1458.6,841976
431927,450868,980.988,900212,962951,16814,16444.2,1.16434e+06,1.06407e+06,6801.4,4041.1,1039.6,861.9,842011
425708,435341,1001.35,1.02671e+06,1.08766e+06,27140.7,26093.2,2.60138e+06,2.35737e+06,5385.1,3111.4,611.3,532.2,842074
719908,723872,1018.4,1.49606e+06,1.49755e+06,42396,38055.9,2.70631e+06,2.29687e+06,10880,6891.6,1093.9,885.9,842149
490454,534440,939.722,1.0458e+06,1.06729e+06,21204.6,20866.3,1.39808e+06,1.29522e+06,6792.6,4350.2,800.7,762.2,842257
515165,549299,960.373,1.02468e+06,1.03403e+06,29638.4,27404.3,1.70548e+06,1.49975e+06,4961,3377.6,627.2,675.6,842345
557967,509652,1121.08,712666,628360,3931.2,3354.2,12098,10341.3,2877.6,1879.2,345.8,619.1,842407
476016,509520,956.666,1.02957e+06,1.07761e+06,25140.2,24394.6,2.11584e+06,1.9784e+06,6850.2,4827.8,709.1,969.2,842417
507582,529291,982.004,1.11996e+06,1.14151e+06,27085.3,25342.1,2.10783e+06,1.88687e+06,7011.9,4390.4,857,757.4,842427
493628,536945,941.393,1.00489e+06,1.00886e+06,31939.2,30524,2.66159e+06,2.43519e+06,6210.7,4207.5,1029,867.7,842514
445595,462383,986.835,1.16115e+06,1.23504e+06,17881.6,18199.7,1.44556e+06,1.35495e+06,6184.3,4204.8,588.5,534,842733
523568,554675,966.576,1.30434e+06,1.33838e+06,34743.4,33403.6,2.02898e+06,1.7939e+06,5342,3606.5,621.6,685.5,842816
520044,542802,981.069,1.04129e+06,1.03267e+06,16908.4,15734.6,1.47373e+06,1.28715e+06,3085.8,2153.9,326.2,577.1,842827
541641,552067,1004.67,904289,904652,22687.3,21409.2,1.6794e+06,1.48738e+06,2906.9,1955.5,406.8,445.3,842907
512566,531576,987.378,599232,587758,7201.9,6557.6,644074,568826,1846.3,1742.3,26.3,489.3,842925
485172,516355,962.164,1.14069e+06,1.1723e+06,35228.1,33389.3,2.21061e+06,1.97735e+06,8211.4,5180,925.6,885,843058
1.48988e+06,858011,1778.12,4.99944e+06,3.31524e+06,14660.4,9496.9,51482.3,33125.5,18087.4,9063.2,1996.9,1109.7,843092
231071,264778,893.645,546333,600355,1308.3,1313.1,2875.4,3483.8,1116.5,1120.8,159,462.4,843142
504891,533559,968.992,1.10766e+06,1.14682e+06,25642.1,24292.8,2.47576e+06,2.21347e+06,8712,5530,1153.2,988.6,843185
1.12375e+06,822860,1398.45,3.22797e+06,2.47986e+06,54059.8,40053.6,5.66999e+06,4.04395e+06,21204,11582.7,2825.4,1603.3,843202
428910,449851,976.337,942389,979623,17477.1,16863.9,1.74289e+06,1.589e+06,5866.8,3581,721.8,624.7,843231
443379,461759,983.254,1.12064e+06,1.18406e+06,38863.1,37560.9,2.62749e+06,2.35932e+06,5157.5,3016.9,631.3,686.5,843407
484472,497293,997.609,974788,1.05889e+06,801.4,1140.8,13254.3,12637.8,4532,3366.9,454.6,731.4,843467
1.02749e+06,877975,1198.39,1.31564e+06,1.09622e+06,24423.7,19931.9,1.87671e+06,1.4803e+06,5247.3,3417.4,921.2,735.2,843500
505870,544857,950.73,1.032e+06,1.06577e+06,30017.2,28162.7,2.485e+06,2.24419e+06,4945.4,3337.4,671.3,716.2,843633
446704,458203,998.306,851157,928038,17177.2,16528.7,1.81061e+06,1.67287e+06,4179.1,2900,308.4,538.7,843786
502158,530853,968.657,1.30686e+06,1.35291e+06,33005.6,32587.4,2.35918e+06,2.16224e+06,6067,3822,957.8,777.4,843837
489520,514697,973.913,1.12267e+06,1.16579e+06,49960.1,48706,2.8435e+06,2.60169e+06,5372.7,3445,589.1,634,843938
469555,486076,989.203,1.07601e+06,1.10645e+06,18506,17463,1.5125e+06,1.39585e+06,5653.8,3263.4,839.2,767.9,843992
534723,579661,944.622,1.51453e+06,1.53849e+06,16097.7,15354.1,1.48332e+06,1.32748e+06,5725.8,3956.9,491,524.6,844065
437500,453086,988.787,911380,974124,28359.4,26749.6,1.95345e+06,1.77347e+06,6165.4,3574.6,563.5,523,844069
444980,464724,980.502,1.12519e+06,1.1847e+06,23957.7,23889.9,1.82082e+06,1.7025e+06,6487.7,4104.7,930.8,852,844142
524819,559019,961.358,1.2898e+06,1.30084e+06,32776.9,30861,2.26245e+06,1.99022e+06,7886.5,4922.7,815,768.8,844161
1.06488e+06,854908,1275.51,2.98668e+06,2.46248e+06,10591.5,8851.8,23636.1,18371.3,5486.3,3700.5,655.4,579.7,844246
965836,914255,1081.78,1.07839e+06,1.03985e+06,34643.2,30735.9,2.40485e+06,2.02288e+06,10899.2,6914.9,1465.3,1103.6,844453
1.01072e+06,945198,1094.99,1.56516e+06,1.41021e+06,40258.2,34155.1,2.85329e+06,2.34448e+06,7757.3,5197.5,1171.7,937.1,844630
517012,549168,964.053,1.29886e+06,1.31933e+06,24106.3,22694.4,2.42554e+06,2.16821e+06,7613.6,4871.4,936.2,816.5,844662
432353,451838,979.853,1.04341e+06,1.10185e+06,14191,13725.4,1.42063e+06,1.32621e+06,6733.4,4207.9,674,725.3,844745
505143,534094,968.502,1.12284e+06,1.16928e+06,16506.9,15993.2,1.2768e+06,1.16496e+06,5416.8,3814.1,731,795.5,844783
1.26477e+06,1.01633e+06,1274.31,2.30188e+06,1.998e+06,47064.9,38436.2,3.72346e+06,2.90796e+06,15191.6,8874.7,2253.2,1388.9,844785
506066,532937,972.372,1.56191e+06,1.63084e+06,30844.8,30217.9,2.78471e+06,2.52e+06,6578.7,4305.9,675.3,614.7,844828
450190,451325,1021.44,1.00948e+06,1.06214e+06,16441.6,16154.9,1.23526e+06,1.12442e+06,5198.5,3313.8,501.8,573.2,844836
453615,460390,1008.94,1.35687e+06,1.43272e+06,34808,33076.3,2.66509e+06,2.38357e+06,5753,3547,581,689.2,844837
483683,502610,985.442,902331,949150,18825.4,17512.1,1.76217e+06,1.60313e+06,5609.9,3427.9,939.1,554.8,844953
448232,467008,982.829,971783,1.03932e+06,25410.1,24369.2,2.02126e+06,1.85943e+06,5972.9,3963.3,778.5,915.3,845095
778941,755817,1055.33,856616,857644,19620.7,17232.5,1.64538e+06,1.36494e+06,3835.3,2586.1,379.7,345.8,845158
476895,496876,982.83,1.29616e+06,1.364e+06,30068,29177.4,2.26342e+06,2.05141e+06,5267.1,3378.4,606,776.6,845208
451620,459398,1006.67,1.04687e+06,1.10689e+06,38371.5,36788.1,2.30275e+06,2.11651e+06,5541.6,3297.5,583.3,726,845237
607563,637943,975.245,1.3676e+06,1.34213e+06,44469.7,40284.4,2.53185e+06,2.17096e+06,10677.5,7101.7,1372.6,1022.1,845292
509569,534429,976.375,1.1135e+06,1.16422e+06,27697.6,25960.9,2.10103e+06,1.91334e+06,5775.8,3688.9,975.5,764.2,845369
462777,479142,989.037,893094,976969,22868.4,21753.3,1.91109e+06,1.77113e+06,4347.1,2850.3,307.5,471.1,845372
544623,559915,996.038,839346,832730,7363.8,6830.4,616538,530791,2023.8,1597.9,-10.2,653.1,845377
508228,528240,985.206,530101,534953,5226.2,5062.6,633099,562910,2046.5,1744.5,178.3,355.8,845425
1.03217e+06,867557,1218.3,2.05936e+06,1.70473e+06,48408.9,38479.9,3.66180e+06,2.82393e+06,8876.8,5710.2,1083,1143.7,845597
444619,456003,998.442,940989,1.00019e+06,21465.3,20592.1,1.7118e+06,1.56963e+06,4984.2,3148,465.4,513.4,845631
1.98055e+06,769751,2634.76,4.8831e+06,1.8318e+06,20077.8,8327.8,67895.4,29060.1,16489.3,6520.7,2119.7,1159.4,845639
496975,542679,937.772,1.059e+06,1.06423e+06,17394.6,16772.2,1.84943e+06,1.69872e+06,5726,3418.2,523.1,673.1,845665
513690,529980,992.533,269021,283240,8619,7953.5,589120,533567,1549.1,1067.1,45,494.7,845761
266368,289943,940.76,335327,352512,-150.5,342.7,1183.5,1419.5,598.9,494.1,149.8,370.9,845804
